1520633747.430162,0
1520633747.541276,6
1520633747.651182,16
1520633747.760234,20
1520633747.868416,20
1520633747.976653,19
1520633748.086497,19
1520633748.195315,19
1520633748.305102,19
1520633748.412789,18
1520633748.521949,19
1520633748.631465,20
1520633748.742375,18
1520633748.852449,19
1520633748.966447,13
1520633749.075323,10
1520633749.185248,20
1520633749.293016,16
1520633749.403289,15
1520633749.511114,16
1520633749.621733,18
1520633749.731315,13
1520633749.841142,6
1520633749.951004,5
1520633750.061049,5
1520633750.171616,5
1520633750.281642,4
1520633750.391395,6
1520633750.501421,6
1520633750.612297,6
1520633750.722836,6
1520633750.832618,5
1520633750.942423,6
1520633751.051721,8
1520633751.161041,7
1520633751.270721,7
1520633751.380852,7
1520633751.493618,9
1520633751.604617,8
1520633751.715568,15
1520633751.824172,9
1520633751.933731,9
1520633752.044262,10
1520633752.153889,9
1520633752.263976,9
1520633752.374445,10
1520633752.484201,11
1520633752.594905,10
1520633752.704869,10
1520633752.814689,10
1520633752.924738,11
1520633753.035025,13
1520633753.145216,10
1520633753.255120,10
1520633753.365776,10
1520633753.475683,11
1520633753.584940,10
1520633753.694516,12
1520633753.804317,12
1520633753.914082,12
1520633754.024521,13
1520633754.133258,12
1520633754.243494,12
1520633754.352604,12
1520633754.461886,13
1520633754.571529,13
1520633754.681859,13
1520633754.791678,13
1520633754.901587,14
1520633755.011592,14
1520633755.119620,19
1520633755.228430,20
1520633755.338026,12
1520633755.447859,14
1520633755.555528,11
1520633755.666234,6
1520633755.777567,6
1520633755.887299,6
1520633755.996662,7
1520633756.106149,8
1520633756.217639,7
1520633756.328532,7
1520633756.438536,7
1520633756.548805,8
1520633756.658593,9
1520633756.768431,9
1520633756.878777,10
1520633756.988812,9
1520633757.098457,8
1520633757.207904,9
1520633757.318747,9
1520633757.427971,9
1520633757.537278,9
1520633757.647079,9
1520633757.756603,9
1520633757.866957,10
1520633757.976007,11
1520633758.086343,11
1520633758.197368,11
1520633758.308070,11
1520633758.417977,13
1520633758.528343,11
1520633758.637990,18
1520633758.748126,16
1520633758.857945,13
1520633758.968046,12
1520633759.078858,11
1520633759.188449,11
1520633759.298337,11
1520633759.408290,12
1520633759.518224,12
1520633759.627400,13
1520633759.736720,13
1520633759.846880,13
1520633759.957486,13
1520633760.067577,13
1520633760.178025,13
1520633760.288640,13
1520633760.397217,13
1520633760.507206,14
1520633760.617407,14
1520633760.727399,14
1520633760.837625,14
1520633760.946884,14
1520633761.055803,14
1520633761.165862,14
1520633761.275700,14
1520633761.385870,15
1520633761.497365,16
1520633761.606807,15
1520633761.717217,15
1520633761.828945,15
1520633761.938265,16
1520633762.048776,18
1520633762.157778,19
1520633762.267846,18
1520633762.379041,15
1520633762.488995,15
1520633762.598210,14
1520633762.706544,9
1520633762.816018,7
1520633762.924779,8
1520633763.034720,9
1520633763.142475,9
1520633763.253297,9
1520633763.362671,11
1520633763.473122,9
1520633763.587902,8
1520633763.697875,8
1520633763.808864,9
1520633763.918693,9
1520633764.028376,9
1520633764.138406,9
1520633764.248217,9
1520633764.358449,9
1520633764.469581,10
1520633764.579398,11
1520633764.688382,11
1520633764.797882,11
1520633764.907093,11
1520633765.016910,10
1520633765.125171,11
1520633765.234973,10
1520633765.344084,11
1520633765.454343,11
1520633765.563822,11
1520633765.673589,11
1520633765.783550,11
1520633765.893262,12
1520633766.003737,11
1520633766.114046,12
1520633766.223246,13
1520633766.330134,14
1520633766.441513,14
1520633766.550454,20
1520633766.660938,19
1520633766.769634,16
1520633766.878785,13
1520633766.989006,14
1520633767.098464,6
1520633767.208727,5
1520633767.318148,5
1520633767.428370,6
1520633767.539269,7
1520633767.648236,7
1520633767.758064,7
1520633767.867554,8
1520633767.976972,7
1520633768.086437,8
1520633768.196928,8
1520633768.307336,8
1520633768.417328,8
1520633768.526938,8
1520633768.636316,8
1520633768.745880,9
1520633768.856286,11
1520633768.966297,10
1520633769.075681,10
1520633769.186199,9
1520633769.296743,9
1520633769.405877,10
1520633769.515169,10
1520633769.624256,11
1520633769.734479,11
1520633769.842185,10
1520633769.952537,11
1520633770.061998,18
1520633770.171379,20
1520633770.281821,13
1520633770.392871,15
1520633770.504933,12
1520633770.615554,12
1520633770.726484,12
1520633770.836220,12
1520633770.946367,12
1520633771.055866,13
1520633771.165943,12
1520633771.275410,13
1520633771.385366,12
1520633771.495805,13
1520633771.606014,12
1520633771.716315,13
1520633771.825835,14
1520633771.936334,14
1520633772.044957,14
1520633772.153470,14
1520633772.263758,14
1520633772.373968,14
1520633772.484122,14
1520633772.594604,14
1520633772.704480,14
1520633772.815076,15
1520633772.925409,16
1520633773.036585,15
1520633773.144330,15
1520633773.258263,15
1520633773.375347,16
1520633773.484550,16
1520633773.595799,19
1520633773.706613,18
1520633773.817589,16
1520633773.927670,15
1520633774.037130,16
1520633774.147509,13
1520633774.256560,8
1520633774.366461,8
1520633774.475947,8
1520633774.586102,10
1520633774.695564,9
1520633774.804862,9
1520633774.914333,9
1520633775.023731,8
1520633775.132662,9
1520633775.242484,9
1520633775.350759,10
1520633775.460751,10
1520633775.570107,10
1520633775.682014,9
1520633775.792938,11
1520633775.902600,11
1520633776.013433,10
1520633776.123027,10
1520633776.232294,10
1520633776.339677,10
1520633776.449630,10
1520633776.558871,12
1520633776.669278,12
1520633776.779017,12
1520633776.889635,12
1520633776.999559,12
1520633777.108527,12
1520633777.218822,12
1520633777.329531,13
1520633777.440259,13
1520633777.551788,13
1520633777.663631,13
1520633777.781241,13
1520633777.898600,14
1520633778.007954,12
1520633778.117522,18
1520633778.226886,20
1520633778.336719,14
1520633778.447241,14
1520633778.555886,11
1520633778.664050,10
1520633778.774623,7
1520633778.885267,7
1520633778.996953,7
1520633779.107460,7
1520633779.218769,7
1520633779.329560,7
1520633779.439511,9
1520633779.551827,9
1520633779.664192,8
1520633779.775347,8
1520633779.887495,8
1520633779.999699,9
1520633780.109270,9
1520633780.220515,9
1520633780.330362,9
1520633780.439946,9
1520633780.550485,10
1520633780.661050,10
1520633780.770499,11
1520633780.880317,11
1520633780.990355,11
1520633781.101301,10
1520633781.211756,10
1520633781.321099,10
1520633781.429915,11
1520633781.539543,11
1520633781.651286,18
1520633781.761199,13
1520633781.869919,11
1520633781.984228,6
1520633782.094823,5
1520633782.203522,6
1520633782.315049,6
1520633782.425863,6
1520633782.535005,7
1520633782.644603,6
1520633782.754984,7
1520633782.865629,7
1520633782.976363,7
1520633783.086805,7
1520633783.196689,8
1520633783.306011,8
1520633783.417059,8
1520633783.526257,10
1520633783.636405,8
1520633783.744823,8
1520633783.854039,9
1520633783.964084,9
1520633784.073309,9
1520633784.182748,9
1520633784.293764,9
1520633784.404268,8
1520633784.514696,10
1520633784.624919,11
1520633784.735810,11
1520633784.847052,12
1520633784.956902,12
1520633785.066782,18
1520633785.177517,16
1520633785.287764,12
1520633785.398035,12
1520633785.507578,11
1520633785.618268,11
1520633785.728755,11
1520633785.838126,11
1520633785.947940,11
1520633786.057345,12
1520633786.167218,12
1520633786.278434,13
1520633786.388761,13
1520633786.500179,13
1520633786.610216,13
1520633786.720727,13
1520633786.830724,14
1520633786.939720,13
1520633787.050212,13
1520633787.160328,14
1520633787.270513,14
1520633787.380623,14
1520633787.490103,15
1520633787.601190,14
1520633787.710886,14
1520633787.820699,15
1520633787.931396,14
1520633788.041934,14
1520633788.151765,15
1520633788.261481,15
1520633788.371545,16
1520633788.481547,16
1520633788.591654,19
1520633788.700974,19
1520633788.811787,14
1520633788.922276,13
1520633789.032055,13
1520633789.140621,8
1520633789.251660,7
1520633789.361869,8
1520633789.471764,7
1520633789.582121,10
1520633789.691549,9
1520633789.801593,8
1520633789.912437,10
1520633790.023248,9
1520633790.133234,9
1520633790.243847,9
1520633790.352812,9
1520633790.461089,9
1520633790.570811,9
1520633790.680650,9
1520633790.790452,9
1520633790.901047,10
1520633791.009728,10
1520633791.118517,11
1520633791.228180,11
1520633791.338613,12
1520633791.448696,11
1520633791.558462,11
1520633791.668389,12
1520633791.777786,12
1520633791.889345,12
1520633791.999766,12
1520633792.109410,11
1520633792.219757,11
1520633792.329989,11
1520633792.439776,11
1520633792.549504,12
1520633792.657735,11
1520633792.768395,14
1520633792.877226,13
1520633792.988385,19
1520633793.098819,17
1520633793.208257,13
1520633793.317096,13
1520633793.424865,8
1520633793.535931,6
1520633793.645455,6
1520633793.755130,6
1520633793.864838,8
1520633793.974921,7
1520633794.084182,7
1520633794.194655,7
1520633794.304758,6
1520633794.414824,8
1520633794.524626,8
1520633794.634270,8
1520633794.744761,8
1520633794.855644,8
1520633794.965847,8
1520633795.074815,9
1520633795.184338,9
1520633795.295010,10
1520633795.404091,10
1520633795.513889,10
1520633795.623105,10
1520633795.733283,10
1520633795.844581,11
1520633795.955833,11
1520633796.066051,10
1520633796.175468,10
1520633796.286112,12
1520633796.396085,17
1520633796.505370,18
1520633796.613068,13
1520633796.723681,14
1520633796.832507,12
1520633796.939399,12
1520633797.049504,12
1520633797.158626,12
1520633797.268871,12
1520633797.379205,13
1520633797.488810,13
1520633797.600243,13
1520633797.710247,13
1520633797.819843,14
1520633797.929603,13
1520633798.038528,13
1520633798.148696,13
1520633798.257699,14
1520633798.367411,13
1520633798.477301,14
1520633798.588122,14
1520633798.698376,14
1520633798.807585,14
1520633798.918347,14
1520633799.029729,14
1520633799.138839,14
1520633799.247925,16
1520633799.357015,15
1520633799.466318,15
1520633799.576613,15
1520633799.686745,18
1520633799.797173,17
1520633799.908592,15
1520633800.018677,18
1520633800.128467,19
1520633800.239670,13
1520633800.348699,13
1520633800.456385,12
1520633800.564660,6
1520633800.674165,7
1520633800.783343,8
1520633800.894036,8
1520633801.004187,10
1520633801.113833,10
1520633801.223819,9
1520633801.332483,8
1520633801.441839,8
1520633801.551399,9
1520633801.662105,9
1520633801.772569,9
1520633801.882097,9
1520633801.992272,9
1520633802.101575,10
1520633802.211627,10
1520633802.320820,11
1520633802.439671,11
1520633802.548048,11
1520633802.658713,10
1520633802.769132,10
1520633802.878220,10
1520633802.988052,10
1520633803.098165,11
1520633803.207848,11
1520633803.318400,13
1520633803.428472,11
1520633803.536683,12
1520633803.645797,12
1520633803.755558,12
1520633803.865436,12
1520633803.975635,13
1520633804.084080,14
1520633804.194317,14
1520633804.304314,13
1520633804.414497,19
1520633804.524786,17
1520633804.635436,13
1520633804.745873,13
1520633804.853373,8
1520633804.965168,5
1520633805.074395,5
1520633805.186162,6
1520633805.294971,8
1520633805.404910,7
1520633805.515241,7
1520633805.625351,7
1520633805.736219,7
1520633805.847651,8
1520633805.958267,9
1520633806.068718,8
1520633806.176818,8
1520633806.286643,9
1520633806.396594,10
1520633806.508014,10
1520633806.616794,10
1520633806.726955,9
1520633806.837382,9
1520633806.947822,10
1520633807.058020,9
1520633807.167735,10
1520633807.278017,10
1520633807.387890,10
1520633807.497867,11
1520633807.605143,11
1520633807.715626,12
1520633807.826271,11
1520633807.936357,19
1520633808.046598,15
1520633808.158106,13
1520633808.266372,12
1520633808.374908,11
1520633808.484637,11
1520633808.595229,11
1520633808.705661,11
1520633808.815871,12
1520633808.927109,12
1520633809.036284,12
1520633809.145612,12
1520633809.254990,13
1520633809.364404,14
1520633809.475053,13
1520633809.585060,13
1520633809.696030,14
1520633809.806311,14
1520633809.916056,14
1520633810.025495,14
1520633810.136574,14
1520633810.246501,14
1520633810.356280,14
1520633810.468067,14
1520633810.578525,15
1520633810.688576,15
1520633810.798807,15
1520633810.908349,15
1520633811.017496,15
1520633811.126799,16
1520633811.236763,16
1520633811.346987,15
1520633811.456842,18
1520633811.568349,18
1520633811.677354,13
1520633811.786380,14
1520633811.894754,13
1520633812.003073,7
1520633812.113830,8
1520633812.222251,8
1520633812.330395,7
1520633812.439870,10
1520633812.550540,9
1520633812.660117,8
1520633812.770392,8
1520633812.880500,8
1520633812.990666,9
1520633813.101135,10
1520633813.210637,10
1520633813.319591,10
1520633813.428941,10
1520633813.538162,9
1520633813.647823,9
1520633813.758130,11
1520633813.867357,10
1520633813.977402,10
1520633814.087641,10
1520633814.197719,10
1520633814.308681,11
1520633814.419064,11
1520633814.530272,12
1520633814.640583,12
1520633814.749466,12
1520633814.858640,12
1520633814.968711,12
1520633815.078696,12
1520633815.188846,12
1520633815.298015,12
1520633815.408388,12
1520633815.517951,13
1520633815.626275,13
1520633815.736467,13
1520633815.847433,18
1520633815.957258,17
1520633816.066374,14
1520633816.177429,14
1520633816.287291,8
1520633816.398278,6
1520633816.508191,6
1520633816.618150,6
1520633816.728776,7
1520633816.839338,7
1520633816.948615,7
1520633817.057234,7
1520633817.165235,7
1520633817.275910,8
1520633817.385276,9
1520633817.494933,8
1520633817.606244,8
1520633817.717118,8
1520633817.828447,8
1520633817.937382,9
1520633818.047778,9
1520633818.156273,9
1520633818.266171,9
1520633818.376409,9
1520633818.487078,10
1520633818.597868,11
1520633818.708090,11
1520633818.818136,11
1520633818.929156,11
1520633819.040819,11
1520633819.148358,11
1520633819.256413,17
1520633819.365602,18
1520633819.475483,12
1520633819.585314,14
1520633819.693094,11
1520633819.804903,12
1520633819.915492,12
1520633820.026074,12
1520633820.136711,12
1520633820.247500,13
1520633820.358607,13
1520633820.467264,13
1520633820.576837,13
1520633820.687038,13
1520633820.796652,13
1520633820.908198,13
1520633821.018078,13
1520633821.128631,15
1520633821.238736,13
1520633821.347335,14
1520633821.455877,14
1520633821.564978,14
1520633821.675662,14
1520633821.786616,14
1520633821.897131,14
1520633822.008284,14
1520633822.119113,16
1520633822.228653,15
1520633822.338674,15
1520633822.447085,15
1520633822.557554,18
1520633822.667759,17
1520633822.775935,20
1520633822.885519,18
1520633822.994608,18
1520633823.103801,14
1520633823.214860,13
1520633823.323133,12
1520633823.432779,6
1520633823.542584,8
1520633823.653104,8
1520633823.762193,7
1520633823.872728,10
1520633823.980207,10
1520633824.090011,9
1520633824.200933,8
1520633824.311305,8
1520633824.421288,8
1520633824.531376,9
1520633824.641246,9
1520633824.751796,9
1520633824.860855,9
1520633824.971147,9
1520633825.081619,10
1520633825.192251,11
1520633825.303301,11
1520633825.413422,11
1520633825.522701,11
1520633825.633114,11
1520633825.741923,10
1520633825.852164,10
1520633825.963142,12
1520633826.073606,11
1520633826.183591,11
1520633826.292162,11
1520633826.402777,13
1520633826.512117,12
1520633826.622231,12
1520633826.732688,12
1520633826.842618,13
1520633826.954227,14
1520633827.064122,14
1520633827.170988,20
1520633827.280094,19
1520633827.389737,17
1520633827.499949,13
1520633827.609957,13
1520633827.718951,8
1520633827.829574,5
1520633827.938888,5
1520633828.048144,6
1520633828.155163,7
1520633828.265528,7
1520633828.375147,7
1520633828.484269,7
1520633828.594152,7
1520633828.705031,8
1520633828.814953,9
1520633828.925342,8
1520633829.034917,8
1520633829.146049,8
1520633829.255930,8
1520633829.366027,10
1520633829.477620,10
1520633829.587578,10
1520633829.698673,10
1520633829.809178,9
1520633829.918714,9
1520633830.029892,10
1520633830.140731,10
1520633830.251801,10
1520633830.361886,10
1520633830.471923,11
1520633830.582752,13
1520633830.692935,18
1520633830.803367,19
1520633830.912083,12
1520633831.022545,13
1520633831.130754,13
1520633831.238944,12
1520633831.348519,12
1520633831.457857,12
1520633831.568320,12
1520633831.678245,13
1520633831.787769,13
1520633831.897915,13
1520633832.007503,13
1520633832.117910,13
1520633832.227440,13
1520633832.338287,12
1520633832.448765,13
1520633832.556555,14
1520633832.666667,14
1520633832.776625,14
1520633832.885966,14
1520633832.995001,14
1520633833.105579,14
1520633833.215497,14
1520633833.325664,14
1520633833.434422,14
1520633833.544192,15
1520633833.652994,15
1520633833.763506,16
1520633833.872610,16
1520633833.982759,16
1520633834.092902,16
1520633834.203186,19
1520633834.311798,18
1520633834.420582,16
1520633834.530062,13
1520633834.640386,12
1520633834.750067,11
1520633834.859910,6
1520633834.969430,7
1520633835.080091,8
1520633835.189432,9
1520633835.298794,9
1520633835.408292,11
1520633835.519076,8
1520633835.630620,8
1520633835.738040,8
1520633835.848872,7
1520633835.957982,9
1520633836.067793,9
1520633836.176374,9
1520633836.287751,10
1520633836.397537,10
1520633836.507193,10
1520633836.618895,10
1520633836.728784,11
1520633836.838333,11
1520633836.948616,10
1520633837.056954,10
1520633837.165456,10
1520633837.276217,11
1520633837.385298,11
1520633837.494413,12
1520633837.603801,12
1520633837.713663,12
1520633837.823335,12
1520633837.932978,12
1520633838.042430,12
1520633838.152117,12
1520633838.261363,13
1520633838.370837,14
1520633838.479405,14
1520633838.589375,19
1520633838.699871,19
1520633838.810283,15
1520633838.921776,13
1520633839.030821,11
1520633839.140148,4
1520633839.249215,5
1520633839.359535,6
1520633839.470050,7
1520633839.579865,7
1520633839.689352,7
1520633839.799040,7
1520633839.907527,7
1520633840.018335,7
1520633840.128632,8
1520633840.238056,8
1520633840.348669,8
1520633840.458491,8
1520633840.568621,9
1520633840.678786,10
1520633840.788669,10
1520633840.897577,10
1520633841.007152,9
1520633841.117826,9
1520633841.227195,9
1520633841.338331,9
1520633841.447578,10
1520633841.558592,10
1520633841.668788,10
1520633841.779626,10
1520633841.887117,12
1520633841.995868,12
1520633842.105323,18
1520633842.215270,17
1520633842.326146,13
1520633842.436286,13
1520633842.546295,12
1520633842.655929,11
1520633842.766128,11
1520633842.876316,11
1520633842.986229,11
1520633843.095423,12
1520633843.206006,13
1520633843.316940,13
1520633843.426810,13
1520633843.536221,13
1520633843.646722,13
1520633843.756328,13
1520633843.866464,13
1520633843.976814,14
1520633844.087518,14
1520633844.197319,14
1520633844.307646,14
1520633844.418620,14
1520633844.528283,14
1520633844.638377,14
1520633844.747726,14
1520633844.857596,14
1520633844.967948,15
1520633845.078116,15
1520633845.187290,15
1520633845.296607,15
1520633845.406289,16
1520633845.515829,16
1520633845.626451,19
1520633845.736459,20
1520633845.845106,15
1520633845.954750,14
1520633846.064209,14
1520633846.173408,11
1520633846.280963,6
1520633846.391188,7
1520633846.502825,7
1520633846.613607,9
1520633846.722419,9
1520633846.832950,9
1520633846.940739,8
1520633847.051062,9
1520633847.160517,10
1520633847.270458,9
1520633847.380383,9
1520633847.490047,9
1520633847.600773,9
1520633847.708476,9
1520633847.819130,9
1520633847.928716,9
1520633848.037911,10
1520633848.148426,10
1520633848.258368,11
1520633848.367932,11
1520633848.477046,11
1520633848.587511,11
1520633848.696455,11
1520633848.806302,12
1520633848.916272,13
1520633849.026653,12
1520633849.136687,11
1520633849.258107,11
1520633849.370681,12
1520633849.481439,11
1520633849.591158,13
1520633849.700056,13
1520633849.809962,14
1520633849.919835,14
1520633850.030233,20
1520633850.139900,19
1520633850.248166,13
1520633850.356972,13
1520633850.465653,13
1520633850.576463,8
1520633850.686401,6
1520633850.796826,5
1520633850.906984,6
1520633851.017676,7
1520633851.128102,7
1520633851.236620,7
1520633851.344589,8
1520633851.453993,7
1520633851.563862,8
1520633851.674207,8
1520633851.783486,8
1520633851.893762,8
1520633852.003831,8
1520633852.116123,8
1520633852.226385,9
1520633852.335916,11
1520633852.445902,10
1520633852.555059,10
1520633852.666024,10
1520633852.775050,10
1520633852.885594,11
1520633852.995535,10
1520633853.105851,10
1520633853.215472,10
1520633853.325956,11
1520633853.435987,11
1520633853.545524,17
1520633853.653492,18
1520633853.763539,13
1520633853.872383,13
1520633853.982789,12
1520633854.093007,12
1520633854.204247,12
1520633854.314034,12
1520633854.424281,12
1520633854.533616,13
1520633854.643757,13
1520633854.754125,13
1520633854.864176,13
1520633854.974447,14
1520633855.085011,12
1520633855.194580,13
1520633855.304415,13
1520633855.414453,14
1520633855.524649,14
1520633855.634487,14
1520633855.743915,14
1520633855.855344,14
1520633855.965715,14
1520633856.075273,14
1520633856.183732,14
1520633856.293266,14
1520633856.402851,16
1520633856.513655,15
1520633856.623812,16
1520633856.732475,15
1520633856.843012,16
1520633856.950713,16
1520633857.060141,18
1520633857.168135,18
1520633857.278931,15
1520633857.389379,14
1520633857.498831,13
1520633857.608895,8
1520633857.718365,7
1520633857.828703,8
1520633857.938983,9
1520633858.049887,10
1520633858.158627,10
1520633858.268155,9
1520633858.376951,8
1520633858.486466,8
1520633858.595740,8
1520633858.706128,9
1520633858.815970,9
1520633858.926122,9
1520633859.036998,9
1520633859.146113,10
1520633859.255268,11
1520633859.365123,11
1520633859.475322,11
1520633859.585254,11
1520633859.695667,10
1520633859.806483,11
1520633859.916613,10
1520633860.026698,10
1520633860.137324,11
1520633860.246301,11
1520633860.355436,11
1520633860.465567,11
1520633860.574075,12
1520633860.683830,12
1520633860.793671,12
1520633860.902519,12
1520633861.013133,13
1520633861.124536,13
1520633861.234472,15
1520633861.343610,14
1520633861.453851,19
1520633861.562598,20
1520633861.675111,13
1520633861.785870,13
1520633861.896311,11
1520633862.006353,5
1520633862.116596,5
1520633862.226399,6
1520633862.336596,7
1520633862.446356,7
1520633862.556418,7
1520633862.666424,7
1520633862.777535,7
1520633862.887728,7
1520633862.998230,9
1520633863.108103,8
1520633863.218184,8
1520633863.326719,8
1520633863.436396,9
1520633863.545478,10
1520633863.656796,10
1520633863.767966,10
1520633863.878348,9
1520633863.988172,9
1520633864.096884,9
1520633864.208029,9
1520633864.317423,10
1520633864.427346,11
1520633864.536731,10
1520633864.646597,11
1520633864.756269,12
1520633864.866006,11
1520633864.975875,18
1520633865.086121,17
1520633865.193207,13
1520633865.303644,13
1520633865.414034,12
1520633865.523578,12
1520633865.632344,11
1520633865.743326,11
1520633865.854148,11
1520633865.964294,12
1520633866.074394,12
1520633866.183046,12
1520633866.293656,12
1520633866.402487,13
1520633866.512387,13
1520633866.621695,13
1520633866.732919,13
1520633866.843447,14
1520633866.954279,15
1520633867.064220,14
1520633867.173277,14
1520633867.283367,14
1520633867.392248,15
1520633867.501612,14
1520633867.611146,14
1520633867.721738,14
1520633867.832926,15
1520633867.942321,15
1520633868.066292,15
1520633868.175383,15
1520633868.282910,16
1520633868.407667,16
1520633868.518472,19
1520633868.628038,19
1520633868.737779,15
1520633868.847897,15
1520633868.957903,13
1520633869.067969,8
1520633869.176903,7
1520633869.285685,8
1520633869.394065,7
1520633869.504481,10
1520633869.612977,9
1520633869.724034,10
1520633869.831860,8
1520633869.942689,9
1520633870.053149,9
1520633870.163563,11
1520633870.273723,10
1520633870.382230,9
1520633870.492522,9
1520633870.603630,10
1520633870.713133,9
1520633870.824253,10
1520633870.933572,10
1520633871.044642,11
1520633871.155426,11
1520633871.266340,11
1520633871.375850,11
1520633871.485168,11
1520633871.595888,12
1520633871.706919,13
1520633871.818407,13
1520633871.929709,12
1520633872.038705,11
1520633872.147267,12
1520633872.256664,11
1520633872.366650,11
1520633872.476177,12
1520633872.587011,12
1520633872.696832,13
1520633872.805948,14
1520633872.915925,19
1520633873.024581,20
1520633873.237195,14
1520633873.346095,12
1520633873.454434,5
1520633873.582657,6
1520633873.693127,6
1520633873.803641,6
1520633873.914356,8
1520633874.024149,7
1520633874.134275,8
1520633874.244893,7
1520633874.355093,8
1520633874.465686,8
1520633874.575544,8
1520633874.685558,8
1520633874.794034,8
1520633874.904186,8
1520633875.104541,9
1520633875.289527,9
1520633875.397461,9
1520633875.570427,9
1520633875.679710,10
1520633875.789045,10
1520633875.898924,10
1520633876.018492,10
1520633876.127700,10
1520633876.238229,12
1520633876.346501,11
1520633876.456981,19
1520633876.566954,15
1520633876.676914,13
1520633876.789952,13
1520633876.899308,12
1520633877.009811,12
1520633877.130014,12
1520633877.237893,11
1520633877.346190,12
1520633877.453407,12
1520633877.563720,12
1520633877.673549,12
1520633877.785127,13
1520633877.894995,14
1520633878.004970,13
1520633878.114007,13
1520633878.224183,14
1520633878.333859,14
1520633878.444907,14
1520633878.555178,14
1520633878.664779,14
1520633878.774869,14
1520633878.885098,14
1520633878.995179,14
1520633879.104472,14
1520633879.211658,15
1520633879.322685,16
1520633879.433201,15
1520633879.543125,15
1520633879.652174,16
1520633879.761832,16
1520633879.872366,15
1520633879.982622,18
1520633880.092703,18
1520633880.201892,13
1520633880.313651,14
1520633880.422175,12
1520633880.529062,7
1520633880.639086,7
1520633880.748663,8
1520633880.859132,7
1520633880.968733,10
1520633881.078309,9
1520633881.191416,8
1520633881.301044,8
1520633881.410882,8
1520633881.520616,8
1520633881.631296,10
1520633881.741581,10
1520633881.852982,10
1520633881.963460,11
1520633882.073022,9
1520633882.183660,9
1520633882.294174,10
1520633882.403162,11
1520633882.514021,10
1520633882.624915,10
1520633882.734925,11
1520633882.844988,11
1520633882.956188,11
1520633883.065189,12
1520633883.174751,12
1520633883.284151,12
1520633883.395112,12
1520633883.505856,12
1520633883.615805,12
1520633883.725521,12
1520633883.836438,13
1520633883.947332,12
1520633884.054347,14
1520633884.165098,14
1520633884.275119,20
1520633884.384606,20
1520633884.495379,15
1520633884.604560,14
1520633884.718696,12
1520633884.829075,8
1520633884.939892,6
1520633885.051262,6
1520633885.161166,6
1520633885.269900,8
1520633885.378858,7
1520633885.489757,7
1520633885.599703,7
1520633885.709882,7
1520633885.819868,9
1520633885.929405,9
1520633886.038771,8
1520633886.148588,8
1520633886.258796,8
1520633886.368595,8
1520633886.479172,9
1520633886.589649,9
1520633886.699435,9
1520633886.810278,9
1520633886.919976,9
1520633887.030468,10
1520633887.140589,11
1520633887.249994,12
1520633887.360629,11
1520633887.469792,11
1520633887.579444,11
1520633887.691799,11
1520633887.800947,17
1520633887.912255,18
1520633888.021517,13
1520633888.130986,13
1520633888.241113,12
1520633888.351244,12
1520633888.461320,12
1520633888.570876,12
1520633888.680431,12
1520633888.789044,13
1520633888.899258,14
1520633889.008409,13
1520633889.119053,13
1520633889.229296,13
1520633889.339972,13
1520633889.449095,13
1520633889.558341,13
1520633889.667960,13
1520633889.778777,14
1520633889.888200,16
1520633889.997260,14
1520633890.107458,14
1520633890.218100,14
1520633890.327983,15
1520633890.438609,14
1520633890.548496,14
1520633890.658651,15
1520633890.769237,15
1520633890.878882,15
1520633890.996601,14
1520633891.107784,17
1520633891.215147,17
1520633891.325731,18
1520633891.436214,18
1520633891.545786,17
1520633891.656172,14
1520633891.766820,13
1520633891.875637,9
1520633891.984358,7
1520633892.093782,7
1520633892.204556,8
1520633892.315203,11
1520633892.427012,10
1520633892.543161,10
1520633892.660669,9
1520633892.770635,8
1520633892.878845,8
1520633893.005400,9
1520633893.115451,10
1520633893.223670,10
1520633893.332627,10
1520633893.443215,10
1520633893.553313,10
1520633893.663888,11
1520633893.772933,10
1520633893.883018,10
1520633893.993217,10
1520633894.103563,11
1520633894.213206,10
1520633894.323573,10
1520633894.433449,12
1520633894.544886,12
1520633894.653840,12
1520633894.764058,12
1520633894.873956,12
1520633894.983845,12
1520633895.094491,12
1520633895.205519,12
1520633895.315137,13
1520633895.425505,13
1520633895.535672,14
1520633895.645819,14
1520633895.756953,19
1520633895.864949,19
1520633895.975176,13
1520633896.084152,13
1520633896.191699,14
1520633896.302348,14
1520633896.411060,14
1520633896.520173,15
1520633896.629396,15
1520633896.739854,14
1520633896.850268,15
1520633896.959021,14
1520633897.068693,14
1520633897.177973,15
1520633897.288308,15
1520633897.399316,15
1520633897.508440,15
1520633897.618103,16
1520633897.727691,16
1520633897.838816,15
1520633897.949192,15
1520633898.059506,16
1520633898.167773,16
1520633898.277536,16
1520633898.387381,16
1520633898.497980,16
1520633898.606178,16
1520633898.716325,16
1520633898.825898,17
1520633898.936555,18
1520633899.045265,17
1520633899.156007,17
1520633899.265146,17
1520633899.374346,18
1520633899.484167,17
1520633899.593909,17
1520633899.705333,17
1520633899.814222,18
1520633899.923944,18
1520633900.034638,18
1520633900.146477,19
1520633900.256391,19
1520633900.365670,17
1520633900.473773,17
1520633900.583283,16
1520633900.692856,8
1520633900.802250,8
1520633900.912202,9
1520633901.022107,8
1520633901.132621,10
1520633901.242039,12
1520633901.350674,13
1520633901.459428,12
1520633901.568274,11
1520633901.679021,11
1520633901.787488,11
1520633901.897635,11
1520633902.007334,10
1520633902.117354,10
1520633902.227147,11
1520633902.337913,10
1520633902.448294,10
1520633902.559382,10
1520633902.669082,12
1520633902.779594,12
1520633902.889086,12
1520633903.001422,12
1520633903.111248,12
1520633903.218941,12
1520633903.329568,13
1520633903.439758,12
1520633903.549833,13
1520633903.659588,13
1520633903.769847,13
1520633903.880400,13
1520633903.990550,13
1520633904.101462,13
1520633904.211764,12
1520633904.321104,13
1520633904.430437,14
1520633904.541200,14
1520633904.654148,15
1520633904.764064,15
1520633904.872525,19
1520633904.982969,19
1520633905.091794,15
1520633905.201332,13
1520633905.310807,12
1520633905.418363,7
1520633905.528341,5
1520633905.638408,8
1520633905.748183,8
1520633905.857090,8
1520633905.966167,7
1520633906.076522,7
1520633906.185153,8
1520633906.295024,8
1520633906.405524,8
1520633906.515016,8
1520633906.626594,8
1520633906.737270,9
1520633906.847310,10
1520633906.956807,10
1520633907.066598,10
1520633907.177233,10
1520633907.288053,9
1520633907.397070,9
1520633907.506633,10
1520633907.617736,10
1520633907.728540,10
1520633907.838098,10
1520633907.947685,10
1520633908.056689,11
1520633908.166702,11
1520633908.275896,12
1520633908.385926,12
1520633908.494812,12
1520633908.604808,12
1520633908.713639,12
1520633908.820963,12
1520633908.931582,12
1520633909.039892,12
1520633909.149692,18
1520633909.258055,17
1520633909.367121,14
1520633909.476539,14
1520633909.586997,12
1520633909.697024,12
1520633909.805982,13
1520633909.915869,13
1520633910.025860,14
1520633910.134852,14
1520633910.245810,14
1520633910.356005,14
1520633910.466494,14
1520633910.577170,14
1520633910.686976,14
1520633910.796594,14
1520633910.906633,14
1520633911.016364,15
1520633911.126183,15
1520633911.236661,15
1520633911.345965,15
1520633911.455200,15
1520633911.566826,15
1520633911.676827,15
1520633911.787232,15
1520633911.897911,15
1520633912.007894,16
1520633912.117265,16
1520633912.227258,17
1520633912.334504,17
1520633912.445328,18
1520633912.556601,18
1520633912.666471,19
1520633912.776905,18
1520633912.888321,16
1520633912.998085,15
1520633913.108391,15
1520633913.216447,9
1520633913.327419,7
1520633913.437781,8
1520633913.547429,10
1520633913.657778,11
1520633913.767409,12
1520633913.876724,12
1520633913.986477,10
1520633914.096173,9
1520633914.206681,10
1520633914.317678,9
1520633914.427497,9
1520633914.538222,9
1520633914.648065,9
1520633914.758376,11
1520633914.867647,11
1520633914.977954,11
1520633915.088875,11
1520633915.198152,12
1520633915.306940,11
1520633915.416312,11
1520633915.527244,11
1520633915.637527,11
1520633915.746952,12
1520633915.856356,11
1520633915.967015,11
1520633916.076542,11
1520633916.188371,11
1520633916.297964,11
1520633916.407702,12
1520633916.517157,12
1520633916.626572,13
1520633916.736707,13
1520633916.847638,13
1520633916.955495,13
1520633917.065475,14
1520633917.174776,13
1520633917.282251,19
1520633917.391292,17
1520633917.497794,13
1520633917.607481,12
1520633917.716568,8
1520633917.826276,5
1520633917.935363,7
1520633918.044731,8
1520633918.154852,7
1520633918.263989,7
1520633918.374123,7
1520633918.483997,8
1520633918.593047,8
1520633918.703268,8
1520633918.813759,8
1520633918.924256,8
1520633919.034418,8
1520633919.143750,9
1520633919.254526,10
1520633919.364833,10
1520633919.473443,10
1520633919.583345,10
1520633919.693030,9
1520633919.803531,10
1520633919.912950,10
1520633920.038576,10
1520633920.147952,10
1520633920.257094,11
1520633920.366997,11
1520633920.475595,11
1520633920.583816,13
1520633920.692329,19
1520633920.802744,19
1520633920.912825,13
1520633921.022486,13
1520633921.132116,12
1520633921.241526,12
1520633921.351865,11
1520633921.462748,12
1520633921.572326,12
1520633921.682094,12
1520633921.791384,12
1520633921.900557,12
1520633922.010288,12
1520633922.119300,13
1520633922.228537,14
1520633922.338129,13
1520633922.446430,14
1520633922.556246,14
1520633922.667254,15
1520633922.775733,14
1520633922.885485,14
1520633922.994861,14
1520633923.103483,15
1520633923.212295,14
1520633923.322416,15
1520633923.432348,16
1520633923.542154,17
1520633923.651762,15
1520633923.762163,15
1520633923.872423,15
1520633923.981113,17
1520633924.091088,16
1520633924.200041,20
1520633924.308855,18
1520633924.418126,17
1520633924.527460,13
1520633924.637150,12
1520633924.746301,11
1520633924.856633,8
1520633924.965675,7
1520633925.075879,9
1520633925.185756,8
1520633925.293650,10
1520633925.404218,9
1520633925.515517,8
1520633925.623189,8
1520633925.732633,9
1520633925.842665,9
1520633925.952355,9
1520633926.062720,10
1520633926.172995,10
1520633926.280927,10
1520633926.391586,11
1520633926.502388,11
1520633926.612417,11
1520633926.722500,11
1520633926.833118,11
1520633926.943123,10
1520633927.055016,10
1520633927.164227,11
1520633927.274199,12
1520633927.384161,12
1520633927.493323,12
1520633927.602775,12
1520633927.712193,13
1520633927.820647,12
1520633927.930608,12
1520633928.040843,13
1520633928.150680,14
1520633928.261547,13
1520633928.373423,14
1520633928.482936,14
1520633928.594196,20
1520633928.704040,18
1520633928.813213,17
1520633928.923185,13
1520633929.032750,13
1520633929.142770,6
1520633929.252850,6
1520633929.363675,7
1520633929.473504,6
1520633929.582978,7
1520633929.692375,7
1520633929.801132,7
1520633929.911881,7
1520633930.022476,7
1520633930.132404,8
1520633930.242654,9
1520633930.353262,9
1520633930.463960,9
1520633930.574255,8
1520633930.684958,8
1520633930.793988,9
1520633930.904704,9
1520633931.013614,9
1520633931.124692,9
1520633931.234452,9
1520633931.344995,9
1520633931.453682,11
1520633931.562802,11
1520633931.674611,11
1520633931.785837,11
1520633931.896778,12
1520633932.005557,12
1520633932.115688,18
1520633932.225893,18
1520633932.336138,12
1520633932.445531,13
1520633932.556037,11
1520633932.665860,11
1520633932.776422,11
1520633932.886959,12
1520633932.996208,12
1520633933.106871,13
1520633933.214702,13
1520633933.324474,13
1520633933.435005,13
1520633933.544578,13
1520633933.655409,13
1520633933.765339,13
1520633933.875521,13
1520633933.985172,14
1520633934.095544,14
1520633934.206390,15
1520633934.314644,14
1520633934.425714,14
1520633934.535725,14
1520633934.644683,14
1520633934.755201,14
1520633934.864344,14
1520633934.974444,15
1520633935.084045,16
1520633935.194493,15
1520633935.305249,15
1520633935.414533,16
1520633935.524115,18
1520633935.632705,19
1520633935.742368,18
1520633935.852543,17
1520633935.962717,15
1520633936.072141,14
1520633936.181625,10
1520633936.291408,7
1520633936.401162,7
1520633936.510624,7
1520633936.621251,11
1520633936.730749,9
1520633936.839127,9
1520633936.947226,10
1520633937.056827,9
1520633937.167301,9
1520633937.276671,9
1520633937.386136,10
1520633937.495490,9
1520633937.606971,9
1520633937.717558,9
1520633937.827015,9
1520633937.937175,9
1520633938.046075,10
1520633938.156360,11
1520633938.266944,11
1520633938.376910,11
1520633938.487980,11
1520633938.596197,11
1520633938.705130,11
1520633938.816656,11
1520633938.926387,12
1520633939.036227,12
1520633939.146730,11
1520633939.254287,11
1520633939.363625,11
1520633939.473477,11
1520633939.582733,12
1520633939.692248,12
1520633939.802694,13
1520633939.912535,14
1520633940.022263,19
1520633940.132671,19
1520633940.243976,14
1520633940.353350,13
1520633940.462656,13
1520633940.572959,6
1520633940.682386,6
1520633940.792985,6
1520633940.904468,6
1520633941.014703,7
1520633941.124032,8
1520633941.231632,7
1520633941.341373,8
1520633941.451317,7
1520633941.564035,8
1520633941.673831,8
1520633941.784278,8
1520633941.894608,8
1520633942.004726,9
1520633942.114475,9
1520633942.224403,9
1520633942.332441,9
1520633942.442445,10
1520633942.551954,10
1520633942.662769,10
1520633942.773587,9
1520633942.883353,11
1520633942.993378,11
1520633943.102958,10
1520633943.212288,10
1520633943.320062,11
1520633943.430143,11
1520633943.539199,17
1520633943.648946,17
1520633943.758906,13
1520633943.868421,14
1520633943.976950,12
1520633944.087003,12
1520633944.197338,12
1520633944.308217,12
1520633944.417351,13
1520633944.527158,13
1520633944.637070,13
1520633944.747485,13
1520633944.856779,13
1520633944.966164,13
1520633945.076271,13
1520633945.185611,12
1520633945.295182,13
1520633945.404639,14
1520633945.513455,14
1520633945.622978,14
1520633945.732421,14
1520633945.842945,14
1520633945.953373,14
1520633946.063310,14
1520633946.173240,14
1520633946.282905,14
1520633946.392483,15
1520633946.503173,15
1520633946.613724,15
1520633946.729602,16
1520633946.840736,16
1520633946.950600,16
1520633947.060532,18
1520633947.169469,18
1520633947.278348,15
1520633947.388577,14
1520633947.499377,13
1520633947.609548,9
1520633947.719894,7
1520633947.830560,8
1520633947.940798,9
1520633948.049206,10
1520633948.159415,10
1520633948.269639,9
1520633948.380311,8
1520633948.491198,8
1520633948.601885,9
1520633948.711952,9
1520633948.821706,9
1520633948.931821,9
1520633949.042071,9
1520633949.152988,11
1520633949.263213,10
1520633949.373288,11
1520633949.483660,10
1520633949.593715,10
1520633949.704176,11
1520633949.813460,10
1520633949.924293,10
1520633950.032678,10
1520633950.142229,11
1520633950.251604,11
1520633950.361648,11
1520633950.472098,12
1520633950.581075,12
1520633950.691651,12
1520633950.802024,12
1520633950.912593,12
1520633951.022015,13
1520633951.132334,13
1520633951.241920,14
1520633951.352507,14
1520633951.462372,19
1520633951.571497,19
1520633951.682200,17
1520633951.792976,13
1520633951.903252,12
1520633952.012259,6
1520633952.121649,6
1520633952.231164,7
1520633952.341774,6
1520633952.456792,7
1520633952.592966,7
1520633952.778814,7
1520633952.926870,7
1520633953.047948,8
1520633953.157403,8
1520633953.265822,8
1520633953.373752,8
1520633953.484629,8
1520633953.593636,9
1520633953.703787,9
1520633953.813701,9
1520633953.924501,10
1520633954.034390,11
1520633954.143916,10
1520633954.253025,10
1520633954.362171,10
1520633954.472455,12
1520633954.581900,11
1520633954.692337,10
1520633954.801539,11
1520633954.910811,11
1520633955.020121,17
1520633955.129750,16
1520633955.237845,13
1520633955.348335,14
1520633955.456722,12
1520633955.566107,12
1520633955.676365,12
1520633955.788333,12
1520633955.898190,12
1520633956.007663,13
1520633956.116382,13
1520633956.225997,13
1520633956.335506,14
1520633956.445547,13
1520633956.556238,13
1520633956.666642,13
1520633956.777397,12
1520633956.888385,14
1520633956.999201,14
1520633957.108522,14
1520633957.217134,14
1520633957.326138,14
1520633957.437515,14
1520633957.547424,14
1520633957.657338,14
1520633957.769000,15
1520633957.878869,16
1520633957.988478,15
1520633958.100124,16
1520633958.207958,15
1520633958.319930,16
1520633958.428758,16
1520633958.537856,18
1520633958.648171,18
1520633958.757798,16
1520633958.867596,14
1520633958.979106,13
1520633959.088532,9
1520633959.198955,8
1520633959.308612,7
1520633959.417755,7
1520633959.528476,10
1520633959.640144,10
1520633959.749847,10
1520633959.860688,8
1520633959.970034,8
1520633960.080682,8
1520633960.188776,9
1520633960.298658,9
1520633960.408951,9
1520633960.519480,9
1520633960.629636,10
1520633960.739945,10
1520633960.851417,11
1520633960.961111,11
1520633961.070639,11
1520633961.181028,11
1520633961.290522,10
1520633961.398554,10
1520633961.508622,10
1520633961.617934,11
1520633961.727897,11
1520633961.837963,11
1520633961.947973,12
1520633962.058184,12
1520633962.167952,12
1520633962.276699,12
1520633962.383296,12
1520633962.493354,13
1520633962.602415,13
1520633962.710597,14
1520633962.850245,14
1520633962.959210,19
1520633963.067550,18
1520633963.178556,13
1520633963.288296,14
1520633963.398768,12
1520633963.506082,6
1520633963.616254,6
1520633963.732204,6
1520633963.861999,7
1520633963.991618,8
1520633964.112903,7
1520633964.223850,7
1520633964.331408,7
1520633964.444704,8
1520633964.554901,8
1520633964.663628,8
1520633964.773724,8
1520633964.883782,8
1520633964.993660,8
1520633965.103380,10
1520633965.214588,10
1520633965.324367,10
1520633965.433006,10
1520633965.542766,10
1520633965.652496,9
1520633965.762535,10
1520633965.873298,10
1520633965.982981,10
1520633966.093073,10
1520633966.201386,10
1520633966.312598,12
1520633966.422165,12
1520633966.530122,19
1520633966.644172,13
1520633966.754684,13
1520633966.865101,12
1520633966.974947,12
1520633967.083879,12
1520633967.193822,11
1520633967.303332,11
1520633967.412356,12
1520633967.522250,12
1520633967.632166,14
1520633967.740258,12
1520633967.850112,12
1520633967.960674,13
1520633968.070212,13
1520633968.181112,14
1520633968.290610,14
1520633968.401559,14
1520633968.511707,14
1520633968.620952,15
1520633968.730938,14
1520633968.840654,14
1520633968.952200,14
1520633969.062942,14
1520633969.173476,14
1520633969.281257,15
1520633969.401543,15
1520633969.509265,15
1520633969.619515,15
1520633969.727100,16
1520633969.837069,17
1520633969.946678,15
1520633970.057533,18
1520633970.167452,18
1520633970.278343,13
1520633970.388494,14
1520633970.497869,13
1520633970.607283,7
1520633970.717917,7
1520633970.827714,8
1520633970.939194,7
1520633971.047114,10
1520633971.157117,9
1520633971.267459,8
1520633971.378766,8
1520633971.487397,8
1520633971.596681,8
1520633971.706238,10
1520633971.816579,11
1520633971.928029,11
1520633972.038714,10
1520633972.148109,9
1520633972.257720,9
1520633972.368811,10
1520633972.478420,10
1520633972.587311,10
1520633972.697352,10
1520633972.807860,10
1520633972.918393,11
1520633973.027822,11
1520633973.137583,12
1520633973.246450,12
1520633973.355980,12
1520633973.466454,12
1520633973.576390,12
1520633973.686175,12
1520633973.797201,11
1520633973.906939,12
1520633974.017988,12
1520633974.128457,13
1520633974.239360,13
1520633974.349284,20
1520633974.457645,18
1520633974.567532,16
1520633974.678903,13
1520633974.789047,12
1520633974.898113,6
1520633975.008688,6
1520633975.119336,7
1520633975.229018,6
1520633975.338084,8
1520633975.448289,8
1520633975.556348,7
1520633975.666672,7
1520633975.776218,7
1520633975.887965,8
1520633975.997376,10
1520633976.107602,9
1520633976.218653,8
1520633976.329133,8
1520633976.439684,8
1520633976.549598,9
1520633976.659258,9
1520633976.768489,9
1520633976.877057,9
1520633976.988304,9
1520633977.097096,10
1520633977.206984,11
1520633977.317007,11
1520633977.425987,11
1520633977.536359,11
1520633977.645572,11
1520633977.755750,10
1520633977.865677,10
1520633977.976116,12
1520633978.084952,11
1520633978.195667,11
1520633978.306065,11
1520633978.415337,14
1520633978.525425,13
1520633978.636109,19
1520633978.745559,19
1520633978.855928,13
1520633978.966447,13
1520633979.078758,12
1520633979.189179,13
1520633979.299226,6
1520633979.408643,6
1520633979.519139,6
1520633979.629606,7
1520633979.739585,7
1520633979.849558,7
1520633979.960342,7
1520633980.070070,7
1520633980.180658,7
1520633980.290448,8
1520633980.400422,8
1520633980.509868,8
1520633980.620276,8
1520633980.730661,8
1520633980.840454,9
1520633980.949958,9
1520633981.060155,9
1520633981.170384,9
1520633981.280870,11
1520633981.390830,10
1520633981.499919,10
1520633981.610810,11
1520633981.720249,11
1520633981.836665,10
1520633981.947379,12
1520633982.058336,10
1520633982.167786,17
1520633982.276550,14
1520633982.387495,13
1520633982.500385,11
1520633982.614778,12
1520633982.744331,12
1520633982.854829,12
1520633982.964880,12
1520633983.073346,12
1520633983.182796,13
1520633983.292182,13
1520633983.401952,14
1520633983.511571,13
1520633983.620977,13
1520633983.731376,12
1520633983.841554,13
1520633983.951782,13
1520633984.060077,13
1520633984.170353,14
1520633984.281334,14
1520633984.390395,14
1520633984.500607,14
1520633984.611664,14
1520633984.721477,14
1520633984.831132,15
1520633984.942286,14
1520633985.051708,15
1520633985.162441,15
1520633985.272781,16
1520633985.382421,18
1520633985.491382,16
1520633985.602599,19
1520633985.712680,19
1520633985.823260,17
1520633985.933888,13
1520633986.043677,13
1520633986.152975,12
1520633986.262464,6
1520633986.372220,6
1520633986.483242,8
1520633986.593461,10
1520633986.706499,9
1520633986.815696,9
1520633986.925135,8
1520633987.034937,9
1520633987.143511,8
1520633987.250929,8
1520633987.359704,9
1520633987.470473,10
1520633987.578785,9
1520633987.688024,10
1520633987.799578,10
1520633987.908527,10
1520633988.017907,11
1520633988.128001,10
1520633988.236271,10
1520633988.346220,10
1520633988.456277,10
1520633988.565551,10
1520633988.675432,10
1520633988.786214,11
1520633988.896056,12
1520633989.005703,12
1520633989.115919,12
1520633989.225272,12
1520633989.334150,12
1520633989.444453,12
1520633989.554216,12
1520633989.664389,14
1520633989.774356,14
1520633989.883642,14
1520633989.992673,19
1520633990.103230,19
1520633990.213665,15
1520633990.323861,13
1520633990.437143,12
1520633990.546793,6
1520633990.655779,6
1520633990.765298,6
1520633990.876770,8
1520633990.986594,7
1520633991.097136,7
1520633991.207983,7
1520633991.318335,7
1520633991.429066,7
1520633991.548335,8
1520633991.658557,9
1520633991.768277,9
1520633991.877503,9
1520633991.987357,8
1520633992.097910,9
1520633992.207828,9
1520633992.317548,9
1520633992.427424,9
1520633992.542742,9
1520633992.652826,9
1520633992.763051,10
1520633992.883056,11
1520633992.993898,11
1520633993.105023,11
1520633993.215635,10
1520633993.325404,12
1520633993.435993,10
1520633993.545410,18
1520633993.656115,16
1520633993.766848,13
1520633993.876484,12
1520633993.990567,12
1520633994.102600,12
1520633994.213453,13
1520633994.324013,12
1520633994.432529,13
1520633994.542342,13
1520633994.651514,12
1520633994.761617,13
1520633994.872307,13
1520633994.982426,13
1520633995.092670,13
1520633995.202165,14
1520633995.312405,12
1520633995.422593,14
1520633995.532592,14
1520633995.642188,15
1520633995.751329,14
1520633995.861246,14
1520633995.971389,14
1520633996.081512,14
1520633996.192711,15
1520633996.303165,15
1520633996.413551,15
1520633996.523970,15
1520633996.633261,15
1520633996.743991,17
1520633996.854369,17
1520633996.966438,15
1520633997.076817,18
1520633997.187896,17
1520633997.297565,13
1520633997.407805,13
1520633997.516702,12
1520633997.626621,7
1520633997.737621,7
1520633997.847400,8
1520633997.957804,9
1520633998.067248,10
1520633998.177901,10
1520633998.291714,8
1520633998.400766,8
1520633998.511712,8
1520633998.620941,8
1520633998.731033,9
1520633998.841093,9
1520633998.951838,9
1520633999.062932,10
1520633999.172921,10
1520633999.282624,10
1520633999.393622,10
1520633999.503717,11
1520633999.614740,10
1520633999.724824,10
1520633999.834918,10
1520633999.946103,10
1520634000.055372,10
1520634000.164887,11
1520634000.276057,12
1520634000.385799,12
1520634000.493265,12
1520634000.602706,12
1520634000.712934,12
1520634000.824323,12
1520634000.935005,13
1520634001.043515,13
1520634001.152722,14
1520634001.260337,14
1520634001.367921,19
1520634001.477655,19
1520634001.585360,16
1520634001.694567,13
1520634001.809142,11
1520634001.918722,4
1520634002.028332,6
1520634002.137928,6
1520634002.248131,6
1520634002.359192,7
1520634002.467636,7
1520634002.577603,7
1520634002.688068,7
1520634002.797458,7
1520634002.908028,8
1520634003.016759,9
1520634003.125549,8
1520634003.235022,9
1520634003.344119,9
1520634003.453903,9
1520634003.562923,9
1520634003.672101,9
1520634003.783109,9
1520634003.893929,10
1520634004.004042,9
1520634004.116590,9
1520634004.226421,10
1520634004.335806,10
1520634004.444594,12
1520634004.554600,11
1520634004.663479,12
1520634004.774239,12
1520634004.884075,18
1520634004.993249,19
1520634005.101832,13
1520634005.212570,13
1520634005.321057,12
1520634005.431582,13
1520634005.542941,11
1520634005.652258,11
1520634005.763217,11
1520634005.872715,12
1520634005.982885,12
1520634006.092360,13
1520634006.202314,13
1520634006.311429,13
1520634006.420305,13
1520634006.530730,13
1520634006.641874,13
1520634006.751721,14
1520634006.861192,14
1520634006.971596,14
1520634007.082051,14
1520634007.191550,15
1520634007.300173,14
1520634007.410928,15
1520634007.520327,14
1520634007.630184,14
1520634007.740659,15
1520634007.851187,15
1520634007.960249,15
1520634008.080895,15
1520634008.190973,17
1520634008.302291,17
1520634008.411333,19
1520634008.520461,18
1520634008.630495,16
1520634008.739437,13
1520634008.849018,14
1520634008.956899,9
1520634009.066301,7
1520634009.177520,7
1520634009.287837,7
1520634009.398449,10
1520634009.507273,9
1520634009.616940,10
1520634009.725509,9
1520634009.834829,9
1520634009.944917,8
1520634010.054589,9
1520634010.164816,10
1520634010.275163,9
1520634010.385473,9
1520634010.495082,9
1520634010.605165,9
1520634010.715362,9
1520634010.825274,11
1520634010.935896,11
1520634011.044472,11
1520634011.153334,11
1520634011.262191,11
1520634011.372797,11
1520634011.482168,10
1520634011.592122,13
1520634011.701205,12
1520634011.811409,11
1520634011.919904,11
1520634012.029983,11
1520634012.140282,11
1520634012.248859,11
1520634012.358364,13
1520634012.469732,12
1520634012.587816,14
1520634012.704655,14
1520634012.820880,19
1520634012.930531,19
1520634013.040374,12
1520634013.151957,13
1520634013.259390,10
1520634013.368912,6
1520634013.479722,5
1520634013.589284,5
1520634013.698403,7
1520634013.808348,7
1520634013.918264,7
1520634014.027804,7
1520634014.138662,7
1520634014.248644,8
1520634014.358583,8
1520634014.469447,8
1520634014.579392,8
1520634014.689119,8
1520634014.799262,8
1520634014.909452,10
1520634015.020248,10
1520634015.130266,10
1520634015.239755,10
1520634015.350643,10
1520634015.459006,9
1520634015.568803,9
1520634015.677154,10
1520634015.787972,10
1520634015.896997,10
1520634016.006640,10
1520634016.116423,11
1520634016.228286,12
1520634016.337816,20
1520634016.447867,16
1520634016.557152,10
1520634016.667768,10
1520634016.777099,8
1520634016.887492,5
1520634016.997986,6
1520634017.111077,6
1520634017.220185,6
1520634017.330825,5
1520634017.439400,6
1520634017.549264,6
1520634017.658640,7
1520634017.770545,7
1520634017.880346,7
1520634017.991447,7
1520634018.100512,8
1520634018.208886,8
1520634018.318624,8
1520634018.428758,8
1520634018.537716,8
1520634018.647874,8
1520634018.758799,10
1520634018.868694,10
1520634018.978710,10
1520634019.089326,10
1520634019.200172,9
1520634019.309219,9
1520634019.418652,10
1520634019.528372,10
1520634019.638899,10
1520634019.749267,11
1520634019.859679,10
1520634019.969556,10
1520634020.079220,11
1520634020.188178,13
1520634020.296473,13
1520634020.406328,19
1520634020.516238,19
1520634020.625767,13
1520634020.736367,13
1520634020.844557,13
1520634020.956477,12
1520634021.066461,13
1520634021.176734,13
1520634021.287727,13
1520634021.397697,13
1520634021.507823,13
1520634021.617758,12
1520634021.727859,12
1520634021.838058,13
1520634021.945845,14
1520634022.055472,14
1520634022.164907,14
1520634022.274032,14
1520634022.382733,14
1520634022.492188,14
1520634022.602139,14
1520634022.713792,14
1520634022.823803,14
1520634022.933600,15
1520634023.043294,15
1520634023.152786,15
1520634023.260837,16
1520634023.368710,15
1520634023.476938,15
1520634023.587133,15
1520634023.697551,16
1520634023.807402,16
1520634023.917188,19
1520634024.027153,18
1520634024.138033,16
1520634024.248703,14
1520634024.357942,14
1520634024.466890,10
1520634024.574861,7
1520634024.684875,8
1520634024.795261,9
1520634024.904476,10
1520634025.014080,9
1520634025.127784,8
1520634025.238379,10
1520634025.348066,9
1520634025.458614,9
1520634025.568810,9
1520634025.677494,10
1520634025.787744,10
1520634025.897680,10
1520634026.007829,10
1520634026.118343,10
1520634026.228582,11
1520634026.338673,10
1520634026.447935,10
1520634026.557799,10
1520634026.668069,11
1520634026.777914,10
1520634026.888167,12
1520634026.998812,12
1520634027.108791,12
1520634027.217598,12
1520634027.326900,12
1520634027.436753,12
1520634027.547497,12
1520634027.658433,13
1520634027.767958,13
1520634027.875625,13
1520634027.985445,13
1520634028.095415,13
1520634028.204211,14
1520634028.315568,14
1520634028.426455,19
1520634028.536651,18
1520634028.649439,13
1520634028.759294,14
1520634028.869624,10
1520634028.979497,9
1520634029.089627,6
1520634029.200370,7
1520634029.309290,7
1520634029.418896,7
1520634029.528888,7
1520634029.639677,7
1520634029.750429,8
1520634029.859387,9
1520634029.969309,9
1520634030.079978,9
1520634030.190545,8
1520634030.301824,8
1520634030.412734,9
1520634030.522814,9
1520634030.633509,9
1520634030.742517,9
1520634030.853634,9
1520634030.964802,9
1520634031.074412,10
1520634031.183652,11
1520634031.291233,11
1520634031.400388,11
1520634031.510530,11
1520634031.620910,11
1520634031.730405,12
1520634031.841552,12
1520634031.951892,18
1520634032.061379,18
1520634032.171382,13
1520634032.280940,13
1520634032.390840,11
1520634032.500435,12
1520634032.609999,11
1520634032.719480,12
1520634032.829037,13
1520634032.937190,14
1520634033.045934,13
1520634033.156494,13
1520634033.265014,13
1520634033.372743,13
1520634033.482971,13
1520634033.593708,14
1520634033.703262,14
1520634033.814196,15
1520634033.924301,14
1520634034.034526,14
1520634034.144476,14
1520634034.255478,14
1520634034.364639,14
1520634034.475377,14
1520634034.585062,15
1520634034.695068,15
1520634034.805157,14
1520634034.913868,15
1520634035.023505,15
1520634035.138342,15
1520634035.250455,16
1520634035.359800,16
1520634035.470414,20
1520634035.580420,19
1520634035.689422,17
1520634035.799259,14
1520634035.909012,12
1520634036.019874,11
1520634036.128647,7
1520634036.237631,7
1520634036.347467,9
1520634036.456214,8
1520634036.565353,10
1520634036.677261,9
1520634036.788256,9
1520634036.899013,10
1520634037.008265,10
1520634037.118515,10
1520634037.227443,9
1520634037.336688,9
1520634037.446581,9
1520634037.555820,9
1520634037.665772,10
1520634037.776050,10
1520634037.885234,10
1520634037.995631,11
1520634038.105180,11
1520634038.216186,11
1520634038.326887,11
1520634038.436473,13
1520634038.546821,12
1520634038.655390,12
1520634038.765954,12
1520634038.876763,12
1520634038.987793,12
1520634039.097437,12
1520634039.206791,13
1520634039.317869,12
1520634039.427685,12
1520634039.537662,13
1520634039.649744,14
1520634039.758705,14
1520634039.867564,15
1520634039.977406,18
1520634040.087566,19
1520634040.198407,15
1520634040.307928,15
1520634040.416734,10
1520634040.526721,6
1520634040.637455,7
1520634040.747245,7
1520634040.857189,7
1520634040.967198,7
1520634041.078599,7
1520634041.188529,8
1520634041.296718,9
1520634041.407171,9
1520634041.516856,8
1520634041.626671,8
1520634041.735964,8
1520634041.846135,9
1520634041.955796,9
1520634042.064862,9
1520634042.175488,9
1520634042.285036,9
1520634042.394169,9
1520634042.503710,10
1520634042.620107,12
1520634042.761724,11
1520634042.870459,10
1520634042.980265,10
1520634043.090502,10
1520634043.199878,11
1520634043.308611,12
1520634043.417680,19
1520634043.527402,18
1520634043.637603,14
1520634043.747361,15
1520634043.855994,12
1520634043.965928,12
1520634044.076352,12
1520634044.186465,14
1520634044.296812,13
1520634044.406984,13
1520634044.516655,13
1520634044.629048,13
1520634044.740042,13
1520634044.848899,13
1520634044.958783,13
1520634045.069960,13
1520634045.180169,14
1520634045.289175,14
1520634045.399196,14
1520634045.509469,14
1520634045.618339,14
1520634045.727854,14
1520634045.837545,14
1520634045.947207,14
1520634046.057743,15
1520634046.168110,15
1520634046.276570,15
1520634046.385763,15
1520634046.496637,16
1520634046.608200,16
1520634046.721393,16
1520634046.829926,16
1520634046.938270,20
1520634047.048355,19
1520634047.158303,18
1520634047.267643,15
1520634047.377963,15
1520634047.487666,11
1520634047.596599,7
1520634047.705781,8
1520634047.815576,10
1520634047.924696,9
1520634048.035658,10
1520634048.145759,9
1520634048.255460,8
1520634048.366944,9
1520634048.474707,9
1520634048.586029,9
1520634048.696178,9
1520634048.805808,9
1520634048.916095,10
1520634049.025777,10
1520634049.136160,11
1520634049.247815,11
1520634049.358130,11
1520634049.467563,11
1520634049.578803,6
1520634049.689611,1
1520634049.799550,0
1520634049.908432,0
1520634050.017587,0
1520634050.128356,0
1520634050.238940,1
1520634050.349542,0
1520634050.460068,0
1520634050.570053,0
1520634050.680990,0
1520634050.791423,0
1520634050.902523,0
1520634051.013220,0
