1520634055.208292,1
1520634055.336293,7
1520634055.448331,16
1520634055.558965,23
1520634055.668867,30
1520634055.779407,39
1520634055.889404,46
1520634056.000253,56
1520634056.110069,62
1520634056.219025,72
1520634056.329752,79
1520634056.439794,87
1520634056.550000,94
1520634056.659778,100
1520634056.769837,99
1520634056.880228,100
1520634056.989875,100
1520634057.099439,100
1520634057.209446,99
1520634057.319047,100
1520634057.428589,99
1520634057.539066,100
1520634057.649696,100
1520634057.759550,100
1520634057.869775,100
1520634057.981165,100
1520634058.091522,99
1520634058.202156,97
1520634058.312387,98
1520634058.422757,99
1520634058.533053,98
1520634058.643624,99
1520634058.755168,99
1520634058.864836,99
1520634058.976674,99
1520634059.088678,99
1520634059.197783,100
1520634059.307086,99
1520634059.417506,99
1520634059.527806,100
1520634059.637029,97
1520634059.747634,96
1520634059.857796,95
1520634059.967299,94
1520634060.077006,94
1520634060.186432,93
1520634060.296681,96
1520634060.406316,99
1520634060.516523,100
1520634060.623661,99
1520634060.732420,99
1520634060.842151,98
1520634060.952489,98
1520634061.063023,99
1520634061.172713,100
1520634061.281535,99
1520634061.388520,99
1520634061.534024,100
1520634061.643624,98
1520634061.754769,100
1520634061.864672,100
1520634061.974583,91
1520634062.084661,77
1520634062.195346,66
1520634062.306138,52
1520634062.417082,40
1520634062.526370,28
1520634062.636394,38
1520634062.746470,55
1520634062.855875,47
1520634062.966233,39
1520634063.077581,39
1520634063.188163,39
1520634063.297973,45
1520634063.410062,50
1520634063.519737,51
1520634063.631696,51
1520634063.742125,53
1520634063.852593,53
1520634063.963585,52
1520634064.073246,50
1520634064.182627,51
1520634064.293568,52
1520634064.403651,53
1520634064.513859,53
1520634064.625268,53
1520634064.735927,53
1520634064.846168,53
1520634064.956541,53
1520634065.067351,54
1520634065.177385,54
1520634065.285791,54
1520634065.394562,54
1520634065.504577,53
1520634065.614657,53
1520634065.724261,53
1520634065.836152,52
1520634065.944305,51
1520634066.054232,52
1520634066.164261,52
1520634066.276168,52
1520634066.387516,51
1520634066.498135,51
1520634066.609545,50
1520634066.719302,50
1520634066.830705,50
1520634066.940721,50
1520634067.050356,50
1520634067.161863,50
1520634067.271611,50
1520634067.383658,50
1520634067.493900,50
1520634067.604221,50
1520634067.714000,50
1520634067.823737,50
1520634067.933862,51
1520634068.043599,51
1520634068.152080,51
1520634068.263217,51
1520634068.373575,52
1520634068.483578,51
1520634068.594445,51
1520634068.705340,51
1520634068.815361,51
1520634068.925014,52
1520634069.034450,52
1520634069.145044,52
1520634069.255835,52
1520634069.365507,52
1520634069.476264,52
1520634069.586184,52
1520634069.696559,59
1520634069.807023,58
1520634069.916928,57
1520634070.027582,58
1520634070.138916,58
1520634070.250189,58
1520634070.360352,58
1520634070.470946,52
1520634070.582718,52
1520634070.694668,52
1520634070.804542,53
1520634070.915512,53
1520634071.027630,54
1520634071.137505,54
1520634071.247796,52
1520634071.357944,52
1520634071.468321,52
1520634071.577942,52
1520634071.688170,52
1520634071.799296,52
1520634071.908153,52
1520634072.020786,52
1520634072.130788,53
1520634072.241169,53
1520634072.351526,53
1520634072.463554,52
1520634072.644082,52
1520634072.754363,53
1520634072.865029,53
1520634072.974677,53
1520634073.084449,52
1520634073.194979,52
1520634073.302932,52
1520634073.412613,52
1520634073.522396,53
1520634073.632800,53
1520634073.742262,52
1520634073.853023,53
1520634073.963736,54
1520634074.074056,55
1520634074.183652,55
1520634074.294183,60
1520634074.403978,60
1520634074.515891,60
1520634074.625940,60
1520634074.736470,60
1520634074.846658,60
1520634074.957109,60
1520634075.067470,57
1520634075.177322,56
1520634075.291894,56
1520634075.401804,55
1520634075.512501,55
1520634075.623301,55
1520634075.734584,55
1520634075.844517,55
1520634075.955133,53
1520634076.065927,53
1520634076.176374,53
1520634076.285730,54
1520634076.396426,54
1520634076.508315,54
1520634076.617979,54
1520634076.728407,54
1520634076.839076,53
1520634076.949842,53
1520634077.059753,53
1520634077.169446,53
1520634077.278462,53
1520634077.389432,55
1520634077.499922,55
1520634077.609913,55
1520634077.718880,55
1520634077.829282,55
1520634077.940743,55
1520634078.050975,54
1520634078.161045,56
1520634078.272094,55
1520634078.381886,55
1520634078.492698,55
1520634078.601435,55
1520634078.712591,55
1520634078.822451,56
1520634078.934093,64
1520634079.044534,65
1520634079.154526,65
1520634079.265412,65
1520634079.375715,65
1520634079.486406,64
1520634079.597673,64
1520634079.707585,65
1520634079.819393,56
1520634079.929851,55
1520634080.039617,56
1520634080.149695,56
1520634080.259250,57
1520634080.370765,56
1520634080.480679,56
1520634080.590677,56
1520634080.700423,56
1520634080.811147,56
1520634080.920348,56
1520634081.030621,55
1520634081.140915,55
1520634081.251439,55
1520634081.361226,55
1520634081.468931,55
1520634081.579351,55
1520634081.689405,55
1520634081.800801,56
1520634081.910233,57
1520634082.020697,56
1520634082.130998,56
1520634082.241149,56
1520634082.352320,56
1520634082.463232,56
1520634082.573118,56
1520634082.683239,56
1520634082.791236,55
1520634082.902503,56
1520634083.013020,56
1520634083.123917,56
1520634083.233714,56
1520634083.342926,56
1520634083.453806,57
1520634083.563373,57
1520634083.674412,63
1520634083.783860,63
1520634083.893466,65
1520634084.004458,63
1520634084.113994,64
1520634084.224520,64
1520634084.333870,64
1520634084.443540,62
1520634084.553825,58
1520634084.664012,58
1520634084.773598,58
1520634084.883611,58
1520634084.994900,58
1520634085.107182,58
1520634085.216855,58
1520634085.327362,57
1520634085.437229,57
1520634085.547627,57
1520634085.657991,57
1520634085.769551,57
1520634085.879494,57
1520634085.989724,57
1520634086.099286,57
1520634086.209858,57
1520634086.320592,57
1520634086.431839,58
1520634086.541718,57
1520634086.651894,57
1520634086.761555,57
1520634086.871875,57
1520634086.982698,57
1520634087.092542,57
1520634087.203923,57
1520634087.313512,58
1520634087.424168,58
1520634087.534895,58
1520634087.645335,59
1520634087.756808,59
1520634087.867652,59
1520634087.977196,59
1520634088.086879,59
1520634088.198387,59
1520634088.308326,59
1520634088.419392,65
1520634088.530129,65
1520634088.639475,65
1520634088.749953,65
1520634088.859712,66
1520634088.970713,65
1520634089.080361,66
1520634089.189996,65
1520634089.297493,60
1520634089.408786,60
1520634089.517289,60
1520634089.628770,59
1520634089.740196,59
1520634089.849894,59
1520634089.960070,59
1520634090.069712,59
1520634090.179793,58
1520634090.289588,58
1520634090.399816,59
1520634090.510327,58
1520634090.620499,58
1520634090.730266,57
1520634090.840117,59
1520634090.950838,59
1520634091.061494,59
1520634091.172614,59
1520634091.283532,60
1520634091.393624,59
1520634091.502102,59
1520634091.612531,60
1520634091.723905,60
1520634091.833636,60
1520634091.944285,59
1520634092.055425,59
1520634092.165750,59
1520634092.275388,59
1520634092.386112,60
1520634092.496822,60
1520634092.607211,60
1520634092.716695,60
1520634092.831030,61
1520634092.940912,61
1520634093.051811,60
1520634093.162609,60
1520634093.274236,66
1520634093.384720,66
1520634093.495992,66
1520634093.606743,66
1520634093.716885,66
1520634093.828785,66
1520634093.938942,67
1520634094.048856,65
1520634094.158823,61
1520634094.268361,61
1520634094.378760,62
1520634094.488108,62
1520634094.598793,62
1520634094.708861,62
1520634094.818172,62
1520634094.929190,62
1520634095.040899,61
1520634095.150586,60
1520634095.261145,60
1520634095.371018,60
1520634095.482119,61
1520634095.592699,62
1520634095.702508,61
1520634095.811596,61
1520634095.923210,61
1520634096.034613,60
1520634096.145382,60
1520634096.256353,60
1520634096.367336,60
1520634096.476889,60
1520634096.586691,60
1520634096.696783,61
1520634096.808877,61
1520634096.919536,61
1520634097.029384,61
1520634097.137714,60
1520634097.248712,61
1520634097.358479,61
1520634097.468207,61
1520634097.578688,61
1520634097.689879,61
1520634097.800355,61
1520634097.910719,63
1520634098.021157,62
1520634098.133285,69
1520634098.243582,69
1520634098.500691,67
1520634098.610761,68
1520634098.720772,68
1520634098.831604,68
1520634098.941031,66
1520634099.051768,62
1520634099.163028,62
1520634099.273803,63
1520634099.384151,64
1520634099.495012,63
1520634099.604994,63
1520634099.715707,63
1520634099.827237,63
1520634099.937650,63
1520634100.049685,62
1520634100.159633,62
1520634100.270002,62
1520634100.380575,62
1520634100.489678,62
1520634100.600332,62
1520634100.709964,61
1520634100.820365,61
1520634100.930352,61
1520634101.040632,61
1520634101.150445,61
1520634101.260036,62
1520634101.369575,62
1520634101.480581,62
1520634101.590518,63
1520634101.699845,63
1520634101.810603,63
1520634101.921171,63
1520634102.028399,62
1520634102.139600,63
1520634102.250506,63
1520634102.361688,63
1520634102.472601,62
1520634102.582005,64
1520634102.691728,64
1520634102.801814,64
1520634102.911147,64
1520634103.022008,70
1520634103.131726,70
1520634103.242171,70
1520634103.352241,70
1520634103.463550,69
1520634103.573537,70
1520634103.683056,69
1520634103.793272,69
1520634103.902985,66
1520634104.012631,64
1520634104.122377,64
1520634104.232252,64
1520634104.342749,65
1520634104.452617,65
1520634104.564180,64
1520634104.674005,64
1520634104.783734,64
1520634104.894017,63
1520634105.002879,63
1520634105.113449,63
1520634105.223390,63
1520634105.331262,63
1520634105.443020,63
1520634105.553215,63
1520634105.663113,64
1520634105.773681,64
1520634105.884212,64
1520634105.994749,64
1520634106.105127,64
1520634106.215148,64
1520634106.324331,64
1520634106.433383,64
1520634106.544330,64
1520634106.655100,62
1520634106.765573,64
1520634106.875661,63
1520634106.985502,64
1520634107.095433,64
1520634107.206095,64
1520634107.314606,64
1520634107.427239,64
1520634107.535914,65
1520634107.645714,65
1520634107.755047,65
1520634107.866022,65
1520634107.976070,71
1520634108.086228,71
1520634108.195889,72
1520634108.305506,71
1520634108.416196,71
1520634108.525946,71
1520634108.636957,70
1520634108.747252,71
1520634108.858314,67
1520634108.968919,65
1520634109.082735,65
1520634109.191913,66
1520634109.301378,67
1520634109.414573,67
1520634109.525034,67
1520634109.636370,67
1520634109.746930,67
1520634109.856997,65
1520634109.966963,65
1520634110.077391,65
1520634110.187347,64
1520634110.298233,65
1520634110.407452,65
1520634110.516799,65
1520634110.627597,65
1520634110.738272,64
1520634110.848482,65
1520634110.957183,65
1520634111.067356,65
1520634111.176318,65
1520634111.287716,65
1520634111.398040,65
1520634111.507614,65
1520634111.618084,65
1520634111.729231,65
1520634111.839297,66
1520634111.951022,66
1520634112.061111,66
1520634112.171107,66
1520634112.280871,66
1520634112.390254,66
1520634112.499697,66
1520634112.608548,66
1520634112.719100,66
1520634112.828965,66
1520634112.940017,73
1520634113.049444,74
1520634113.159528,73
1520634113.269292,73
1520634113.380654,73
1520634113.490680,73
1520634113.600104,73
1520634113.709617,73
1520634113.818968,71
1520634113.929475,67
1520634114.039412,68
1520634114.149441,67
1520634114.260964,67
1520634114.371250,67
1520634114.482408,68
1520634114.593253,69
1520634114.704609,68
1520634114.814552,68
1520634114.924630,66
1520634115.033413,66
1520634115.144468,66
1520634115.255615,66
1520634115.366265,66
1520634115.477358,66
1520634115.589429,66
1520634115.699894,66
1520634115.809337,67
1520634115.919691,67
1520634116.029768,66
1520634116.139830,67
1520634116.250396,66
1520634116.361452,66
1520634116.471050,66
1520634116.581921,66
1520634116.691856,65
1520634116.802039,66
1520634116.912807,67
1520634117.023681,69
1520634117.133301,69
1520634117.243549,68
1520634117.353236,68
1520634117.463489,68
1520634117.573362,68
1520634117.684477,68
1520634117.794321,68
1520634117.908287,66
1520634118.019250,74
1520634118.130215,74
1520634118.239519,75
1520634118.349194,75
1520634118.458786,75
1520634118.571092,75
1520634118.680819,74
1520634118.791386,74
1520634118.901199,72
1520634119.011995,69
1520634119.128182,69
1520634119.239376,69
1520634119.347647,71
1520634119.459350,69
1520634119.569168,69
1520634119.679514,69
1520634119.790373,69
1520634119.900521,67
1520634120.012195,67
1520634120.121203,67
1520634120.231561,67
1520634120.342318,67
1520634120.451787,67
1520634120.561859,68
1520634120.672945,68
1520634120.783132,68
1520634120.893803,69
1520634121.005384,68
1520634121.116121,67
1520634121.226320,68
1520634121.334204,68
1520634121.444352,68
1520634121.553840,68
1520634121.663825,68
1520634121.774176,69
1520634121.885650,69
1520634121.994010,70
1520634122.102640,70
1520634122.212341,70
1520634122.320720,70
1520634122.783714,66
1520634122.894031,67
1520634123.003577,74
1520634123.115892,74
1520634123.226723,74
1520634123.335544,74
1520634123.444677,75
1520634123.555566,76
1520634123.666151,75
1520634123.775887,76
1520634123.886137,76
1520634123.995806,73
1520634124.105803,70
1520634124.214712,69
1520634124.329133,70
1520634124.439553,70
1520634124.550100,69
1520634124.659744,70
1520634124.770276,70
1520634124.881045,70
1520634124.992455,71
1520634125.103132,69
1520634125.214515,70
1520634125.322712,69
1520634125.439502,70
1520634125.550324,70
1520634125.660848,70
1520634125.769620,70
1520634125.880335,71
1520634125.990215,70
1520634126.100728,70
1520634126.211323,69
1520634126.322577,68
1520634126.433097,69
1520634126.544073,69
1520634126.654424,69
1520634126.765373,69
1520634126.876194,70
1520634126.985989,70
1520634127.095627,71
1520634127.205079,71
1520634127.315352,71
1520634127.425799,71
1520634127.535994,71
1520634127.645496,71
1520634127.755676,70
1520634127.865661,70
1520634127.975368,71
1520634128.085238,70
1520634128.195638,77
1520634128.304768,77
1520634128.415738,77
1520634128.525432,78
1520634128.636330,78
1520634128.745351,78
1520634128.854718,78
1520634128.965467,78
1520634129.075785,77
1520634129.186683,73
1520634129.298294,72
1520634129.405639,72
1520634129.515268,72
1520634129.625910,73
1520634129.736727,72
1520634129.848052,73
1520634129.957889,73
1520634130.069220,73
1520634130.180049,71
1520634130.289413,71
1520634130.399955,71
1520634130.510144,71
1520634130.620896,71
1520634130.730108,71
1520634130.839499,71
1520634130.949945,70
1520634131.060656,71
1520634131.171246,71
1520634131.282724,71
1520634131.392096,71
1520634131.501575,71
1520634131.612434,71
1520634131.722680,70
1520634131.833198,70
1520634131.942820,71
1520634132.053301,71
1520634132.161652,70
1520634132.272402,71
1520634132.381458,72
1520634132.491335,72
1520634132.804567,71
1520634132.916659,72
1520634133.027047,72
1520634133.138709,72
1520634133.248940,80
1520634133.357793,81
1520634133.469424,80
1520634133.578958,79
1520634133.689118,80
1520634133.799601,80
1520634133.909772,80
1520634134.020160,79
1520634134.130441,79
1520634134.241819,77
1520634134.352568,74
1520634134.463424,74
1520634134.574433,74
1520634134.684415,74
1520634134.794430,74
1520634134.904689,74
1520634135.016922,73
1520634135.125950,73
1520634135.237455,73
1520634135.345878,72
1520634135.456524,71
1520634135.567004,72
1520634135.679319,72
1520634135.790294,73
1520634135.900453,72
1520634136.010339,72
1520634136.120166,72
1520634136.231110,72
1520634136.342087,72
1520634136.453778,72
1520634136.563765,72
1520634136.673718,72
1520634136.784551,72
1520634136.894886,72
1520634137.005330,71
1520634137.117504,72
1520634137.227571,72
1520634137.336144,72
1520634137.446039,72
1520634137.556738,74
1520634137.666740,74
1520634137.776544,74
1520634137.886870,74
1520634137.996851,76
1520634138.108168,74
1520634138.218923,74
1520634138.330738,74
1520634138.440218,81
1520634138.551932,81
1520634138.662118,81
1520634138.771897,81
1520634138.881172,81
1520634138.990949,81
1520634139.101571,81
1520634139.212050,83
1520634139.321715,82
1520634139.431736,79
1520634139.541266,75
1520634139.651906,75
1520634139.761164,75
1520634139.872119,75
1520634139.982639,75
1520634140.092313,74
1520634140.202956,74
1520634140.312221,74
1520634140.422098,74
1520634140.532327,74
1520634140.644038,74
1520634140.753928,73
1520634140.865655,73
1520634140.975240,73
1520634141.086801,73
1520634141.196407,73
1520634141.307884,73
1520634141.416985,74
1520634141.526448,73
1520634141.637875,73
1520634141.747228,73
1520634141.858329,75
1520634141.968207,73
1520634142.078541,75
1520634142.189022,74
1520634142.301731,74
1520634142.412824,74
1520634142.521556,74
1520634142.632012,75
1520634142.743735,75
1520634142.852883,75
1520634142.963352,76
1520634143.074458,76
1520634143.185300,75
1520634143.296233,76
1520634143.407597,75
1520634143.517650,75
1520634143.633085,75
1520634143.742518,82
1520634143.852967,82
1520634143.964002,82
1520634144.074783,83
1520634144.184781,83
1520634144.294435,83
1520634144.403642,83
1520634144.514219,83
1520634144.625320,81
1520634144.736124,78
1520634144.846800,76
1520634144.961348,76
1520634145.071849,76
1520634145.183034,76
1520634145.292462,76
1520634145.402422,76
1520634145.514087,76
1520634145.624459,76
1520634145.733603,76
1520634145.844081,75
1520634145.954142,74
1520634146.064237,74
1520634146.175304,74
1520634146.285332,75
1520634146.395069,75
1520634146.504522,76
1520634146.614710,76
1520634146.725618,76
1520634146.835699,75
1520634146.946244,75
1520634147.056667,75
1520634147.167206,75
1520634147.277168,75
1520634147.387452,75
1520634147.498830,75
1520634147.607772,75
1520634147.717991,76
1520634147.827922,77
1520634147.938438,77
1520634148.049036,78
1520634148.159833,77
1520634148.270459,76
1520634148.381125,76
1520634148.491413,77
1520634148.603374,76
1520634148.713066,76
1520634148.823929,77
1520634148.933104,84
1520634149.044262,84
1520634149.154215,84
1520634149.264718,84
1520634149.373437,84
1520634149.483320,83
1520634149.595306,83
1520634149.704821,83
1520634149.816886,83
1520634149.928017,82
1520634150.040910,79
1520634150.150972,77
1520634150.260857,77
1520634150.372967,77
1520634150.483901,77
1520634150.593351,77
1520634150.703477,78
1520634150.813327,78
1520634150.925241,78
1520634151.036110,78
1520634151.145402,77
1520634151.255369,76
1520634151.365045,76
1520634151.522319,76
1520634151.632845,77
1520634151.745105,78
1520634151.856384,76
1520634151.965515,76
1520634152.075925,76
1520634152.185579,76
1520634152.295829,76
1520634152.406670,77
1520634152.517594,77
1520634152.628223,77
1520634152.736033,78
1520634152.906360,76
1520634153.016115,77
1520634153.127348,78
1520634153.236593,78
1520634153.344914,78
1520634153.454086,78
1520634153.564062,78
1520634153.674453,78
1520634153.784227,78
1520634153.896206,77
1520634154.005942,77
1520634154.117049,77
1520634154.227563,85
1520634154.338495,84
1520634154.448208,84
1520634154.558332,84
1520634154.669383,84
1520634154.780000,85
1520634154.889734,85
1520634154.999953,85
1520634155.109823,85
1520634155.218902,85
1520634155.328398,83
1520634155.438987,79
1520634155.548875,79
1520634155.659164,79
1520634155.769893,79
1520634155.879862,78
1520634155.990750,80
1520634156.101267,80
1520634156.211817,79
1520634156.321673,79
1520634156.432235,79
1520634156.541496,78
1520634156.651651,78
1520634156.761185,78
1520634156.871397,79
1520634156.981893,78
1520634157.092632,77
1520634157.202761,78
1520634157.312548,78
1520634157.420692,79
1520634157.530574,78
1520634157.640434,78
1520634157.750387,78
1520634157.861359,78
1520634157.971876,78
1520634158.082256,78
1520634158.191995,77
1520634158.302862,77
1520634158.415970,79
1520634158.525961,79
1520634158.637422,79
1520634158.747235,79
1520634158.857829,79
1520634158.967814,78
1520634159.077733,79
1520634159.189074,79
1520634159.299049,79
1520634159.409847,79
1520634159.520594,79
1520634159.630552,86
1520634159.742321,87
1520634159.852290,87
1520634159.959509,87
1520634160.069604,87
1520634160.181287,87
1520634160.290971,87
1520634160.401396,87
1520634160.512018,86
1520634160.622077,85
1520634160.732151,79
1520634160.841968,80
1520634160.950760,81
1520634161.061161,81
1520634161.171776,81
1520634161.282253,80
1520634161.391724,81
1520634161.501520,81
1520634161.610890,80
1520634161.720271,81
1520634161.830851,80
1520634161.942442,79
1520634162.052525,79
1520634162.162711,78
1520634162.271955,80
1520634162.382248,80
1520634162.493371,79
1520634162.602260,79
1520634162.755329,79
1520634162.866941,79
1520634162.975558,78
1520634163.086278,79
1520634163.197760,78
1520634163.307733,79
1520634163.419075,79
1520634163.529205,79
1520634163.639946,79
1520634163.751558,80
1520634163.861255,80
1520634163.971649,80
1520634164.081865,80
1520634164.192242,80
1520634164.303869,80
1520634164.413762,81
1520634164.524380,81
1520634164.634651,81
1520634164.745685,81
1520634164.856628,82
1520634164.966702,88
1520634165.076952,89
1520634165.187930,88
1520634165.298753,88
1520634165.408750,88
1520634165.518765,88
1520634165.630584,88
1520634165.741416,88
1520634165.852311,88
1520634165.964133,87
1520634166.074100,85
1520634166.184335,81
1520634166.295242,81
1520634166.404797,81
1520634166.513965,82
1520634166.624343,82
1520634166.734043,82
1520634166.894939,81
1520634167.004704,80
1520634167.113938,81
1520634167.224584,81
1520634167.334160,80
1520634167.444617,79
1520634167.554534,80
1520634167.664720,80
1520634167.775446,80
1520634167.886193,80
1520634167.995862,81
1520634168.106460,80
1520634168.216902,80
1520634168.327694,80
1520634168.437741,81
1520634168.547394,80
1520634168.657385,80
1520634168.767213,81
1520634168.877270,80
1520634168.987770,80
1520634169.098945,81
1520634169.209139,82
1520634169.319448,82
1520634169.428785,82
1520634169.539828,82
1520634169.649189,82
1520634169.758435,82
1520634169.869009,82
1520634169.979182,83
1520634170.089660,83
1520634170.199523,83
1520634170.310634,84
1520634170.420134,89
1520634170.531230,89
1520634170.641176,90
1520634170.752158,89
1520634170.862993,89
1520634170.973683,89
1520634171.083889,89
1520634171.193894,90
1520634171.305412,90
1520634171.415158,89
1520634171.525777,87
1520634171.635772,83
1520634171.745367,83
1520634171.856626,83
1520634171.966039,83
1520634172.075358,83
1520634172.186108,82
1520634172.296106,82
1520634172.406566,84
1520634172.515988,83
1520634172.625943,83
1520634172.735749,82
1520634172.845074,82
1520634172.955496,81
1520634173.066917,81
1520634173.176356,81
1520634173.287188,81
1520634173.397603,81
1520634173.507589,81
1520634173.618839,82
1520634173.728805,82
1520634173.838492,82
1520634173.947846,83
1520634174.057705,82
1520634174.168185,82
1520634174.278459,82
1520634174.389081,82
1520634174.498717,82
1520634174.608950,82
1520634174.718286,83
1520634174.828910,84
1520634174.939353,85
1520634175.048499,84
1520634175.158682,84
1520634175.269795,84
1520634175.380777,83
1520634175.494987,83
1520634175.605414,83
1520634175.714839,84
1520634175.824138,90
1520634175.934267,90
1520634176.044571,90
1520634176.155326,90
1520634176.267732,91
1520634176.378048,91
1520634176.488780,91
1520634176.600275,90
1520634176.710043,90
1520634176.819688,89
1520634176.929968,89
1520634177.040397,86
1520634177.154761,85
1520634177.264475,84
1520634177.372433,84
1520634177.481806,84
1520634177.592228,84
1520634177.702705,84
1520634177.811839,84
1520634177.921741,84
1520634178.031945,84
1520634178.141255,84
1520634178.251855,82
1520634178.362023,82
1520634178.473032,83
1520634178.583693,83
1520634178.694408,83
1520634178.804558,84
1520634178.915326,84
1520634179.026566,83
1520634179.137455,83
1520634179.247951,83
1520634179.355563,83
1520634179.464776,83
1520634179.575190,83
1520634179.685871,83
1520634179.796395,84
1520634179.906908,84
1520634180.017098,84
1520634180.127428,85
1520634180.237636,85
1520634180.348006,85
1520634180.458578,84
1520634180.568919,83
1520634180.677459,84
1520634180.789038,84
1520634180.898437,84
1520634181.008380,84
1520634181.118933,87
1520634181.228323,86
1520634181.336378,92
1520634181.448037,92
1520634181.557404,91
1520634181.667820,92
1520634181.777454,92
1520634181.888987,91
1520634181.998844,91
1520634182.107896,91
1520634182.218483,91
1520634182.329087,90
1520634182.438806,90
1520634182.548288,87
1520634182.657914,85
1520634182.769993,84
1520634182.880218,85
1520634182.988478,85
1520634183.099958,85
1520634183.209714,85
1520634183.320071,85
1520634183.431861,85
1520634183.541295,85
1520634183.652968,86
1520634183.762060,84
1520634183.872566,85
1520634183.982234,85
1520634184.092959,85
1520634184.203836,85
1520634184.313747,85
1520634184.425174,84
1520634184.534957,85
1520634184.645438,84
1520634184.755817,84
1520634184.865115,84
1520634184.974819,85
1520634185.085630,84
1520634185.196022,84
1520634185.639447,83
1520634185.749746,84
1520634185.859527,84
1520634185.970518,84
1520634186.080855,84
1520634186.192101,84
1520634186.302786,83
1520634186.412269,83
1520634186.522943,84
1520634186.633203,86
1520634186.743149,87
1520634186.852365,92
1520634186.964486,92
1520634187.073755,92
1520634187.183619,92
1520634187.293311,93
1520634187.403562,93
1520634187.513469,93
1520634187.622991,93
1520634187.734095,93
1520634187.844934,92
1520634187.954862,92
1520634188.065127,89
1520634188.174545,86
1520634188.285147,86
1520634188.399408,86
1520634188.509514,87
1520634188.618904,88
1520634188.728982,88
1520634188.839463,88
1520634188.950039,86
1520634189.060522,86
1520634189.171235,87
1520634189.281802,87
1520634189.391853,86
1520634189.501377,85
1520634189.611445,85
1520634189.722348,85
1520634189.832299,86
1520634189.945182,86
1520634190.054545,86
1520634190.165851,85
1520634190.276548,86
1520634190.386885,86
1520634190.496580,86
1520634190.606628,86
1520634190.717550,86
1520634190.827173,86
1520634190.937958,86
1520634191.048415,86
1520634191.155561,87
1520634191.264510,87
1520634191.373663,87
1520634191.484088,87
1520634191.594688,88
1520634191.705985,87
1520634191.818189,87
1520634191.927514,87
1520634192.038097,87
1520634192.147949,87
1520634192.258454,90
1520634192.368261,87
1520634192.477640,94
1520634192.587400,94
1520634192.697345,94
1520634192.806711,94
1520634192.916400,94
1520634193.027808,94
1520634193.137536,94
1520634193.247940,94
1520634193.355800,93
1520634193.471482,94
1520634193.581059,92
1520634193.692342,89
1520634193.803228,89
1520634193.914717,89
1520634194.024537,89
1520634194.134542,89
1520634194.245077,88
1520634194.354145,88
1520634194.463805,88
1520634194.576081,88
1520634194.686323,88
1520634194.795563,89
1520634194.907277,87
1520634195.016716,87
1520634195.126996,87
1520634195.236447,87
1520634195.345688,87
1520634195.457641,87
1520634195.567504,87
1520634195.678009,87
1520634195.788361,87
1520634195.907704,88
1520634196.018073,88
1520634196.128663,87
1520634196.237975,87
1520634196.349674,87
1520634196.459746,87
1520634196.569585,87
1520634196.676781,87
1520634196.788231,88
1520634196.898896,88
1520634197.008719,88
1520634197.118462,89
1520634197.228101,88
1520634197.339461,88
1520634197.450381,88
1520634197.560600,89
1520634197.670215,88
1520634197.780791,89
1520634197.890549,89
1520634197.999336,96
1520634198.109079,95
1520634198.219413,95
1520634198.329760,96
1520634198.441099,95
1520634198.552504,96
1520634198.662794,95
1520634198.773183,96
1520634198.883787,96
1520634198.994290,95
1520634199.105675,95
1520634199.216278,93
1520634199.327821,89
1520634199.437637,89
1520634199.548366,90
1520634199.657997,90
1520634199.769290,90
1520634199.879704,90
1520634199.990426,90
1520634200.099698,90
1520634200.209929,90
1520634200.320303,90
1520634200.430649,90
1520634200.539896,88
1520634200.650603,88
1520634200.761023,88
1520634200.871159,88
1520634200.981395,88
1520634201.091180,89
1520634201.201205,89
1520634201.311222,88
1520634201.420645,88
1520634201.530987,88
1520634201.641175,88
1520634201.751114,88
1520634201.861029,88
1520634201.970768,88
1520634202.080942,88
1520634202.191083,89
1520634202.300995,89
1520634202.411215,90
1520634202.520530,90
1520634202.630333,89
1520634202.742595,89
1520634202.852890,89
1520634202.963543,90
1520634203.073976,90
1520634203.184001,89
1520634203.294923,89
1520634203.405006,91
1520634203.515683,91
1520634203.626869,97
1520634203.737522,96
1520634203.848380,96
1520634203.958354,97
1520634204.069027,97
1520634204.178864,97
1520634204.290785,97
1520634204.402675,97
1520634204.512279,97
1520634204.622371,97
1520634204.731705,96
1520634204.842763,96
1520634204.953761,92
1520634205.064027,91
1520634205.175070,91
1520634205.284850,91
1520634205.393316,92
1520634205.502514,91
1520634205.613975,91
1520634205.724090,91
1520634205.834486,91
1520634205.944854,91
1520634206.055365,91
1520634206.166114,91
1520634206.276071,90
1520634206.386012,89
1520634206.495375,89
1520634206.606172,89
1520634206.715633,89
1520634206.826234,89
1520634206.936754,88
1520634207.048227,90
1520634207.158034,90
1520634207.268139,90
1520634207.377240,90
1520634207.486307,90
1520634207.597724,90
1520634207.708888,89
1520634207.819220,89
1520634207.928117,90
1520634208.038851,90
1520634208.148550,90
1520634208.258771,91
1520634208.369036,91
1520634208.480208,91
1520634208.590960,91
1520634208.700655,91
1520634208.814374,91
1520634208.924273,90
1520634209.033724,91
1520634209.143883,91
1520634209.253839,91
1520634209.361980,98
1520634209.472427,98
1520634209.585856,98
1520634209.695327,98
1520634209.806882,98
1520634209.916736,99
1520634210.026242,98
1520634210.137284,98
1520634210.247624,96
1520634210.358003,97
1520634210.467614,97
1520634210.577960,95
1520634210.689673,92
1520634210.804977,93
1520634210.915903,93
1520634211.025829,92
1520634211.135458,91
1520634211.245861,92
1520634211.355556,92
1520634211.465441,92
1520634211.575710,92
1520634211.682941,92
1520634211.794384,92
1520634211.905499,90
1520634212.017475,91
1520634212.126858,91
1520634212.236953,91
1520634212.347601,91
1520634212.457714,91
1520634212.568118,91
1520634212.678073,90
1520634212.790004,90
1520634212.900693,90
1520634213.010147,90
1520634213.119347,90
1520634213.231243,90
1520634213.341789,89
1520634213.450165,91
1520634213.894643,88
1520634214.006976,90
1520634214.117853,90
1520634214.227846,89
1520634214.338413,89
1520634214.448432,90
1520634214.557961,90
1520634214.667808,92
1520634214.778210,92
1520634214.888902,93
1520634214.999516,95
1520634215.109921,95
1520634215.219548,95
1520634215.330628,95
1520634215.440452,96
1520634215.549786,97
1520634215.660310,97
1520634215.770000,96
1520634215.880335,96
1520634215.989964,94
1520634216.100215,94
1520634216.210243,94
1520634216.320588,93
1520634216.430550,92
1520634216.539782,92
1520634216.649787,92
1520634216.760667,92
1520634216.870478,92
1520634216.980344,93
1520634217.089770,93
1520634217.200305,93
1520634217.310837,93
1520634217.418893,93
1520634217.529606,93
1520634217.639906,94
1520634217.749668,94
1520634217.859891,94
1520634217.969037,93
1520634218.078428,94
1520634218.188719,93
1520634218.298208,93
1520634218.408435,93
1520634218.519855,94
1520634218.629946,94
1520634218.739477,93
1520634218.849433,94
1520634218.959016,95
1520634219.069733,94
1520634219.179204,94
1520634219.290043,94
1520634219.398731,94
1520634219.508268,94
1520634219.617795,94
1520634219.729259,94
1520634219.838757,95
1520634219.947661,95
1520634220.057790,96
1520634220.167411,95
1520634220.278085,94
1520634220.388497,94
1520634220.498491,94
1520634220.607180,94
1520634220.717480,94
1520634220.827446,94
1520634220.937397,94
1520634221.046087,93
1520634221.156075,94
1520634221.265864,95
1520634221.374021,94
1520634221.485781,94
1520634221.597494,93
1520634221.707528,93
1520634221.818982,93
1520634221.928563,93
1520634222.038775,93
1520634222.149182,93
1520634222.260813,94
1520634222.371418,93
1520634222.481346,93
1520634222.590812,93
1520634222.852869,92
1520634222.964095,93
1520634223.074928,92
1520634223.182552,93
1520634223.290126,92
1520634223.400697,93
1520634223.510830,93
1520634223.620954,93
1520634223.730192,93
1520634223.840997,93
1520634223.951208,93
1520634224.061720,94
1520634224.172134,93
1520634224.282387,94
1520634224.393502,95
1520634224.502467,95
1520634224.612552,95
1520634224.722605,99
1520634224.833447,99
1520634224.943822,98
1520634225.054389,99
1520634225.166514,100
1520634225.279976,98
1520634225.387874,98
1520634225.497178,99
1520634225.607294,98
1520634225.716508,98
1520634225.826840,98
1520634225.938100,98
1520634226.048917,92
1520634226.159172,92
1520634226.269147,92
1520634226.379041,92
1520634226.489263,92
1520634226.599854,92
1520634226.710002,93
1520634226.820232,93
1520634226.931615,93
1520634227.041267,93
1520634227.151706,92
1520634227.261242,92
1520634227.371357,92
1520634227.488047,90
1520634227.598691,89
1520634227.708683,85
1520634227.819555,77
1520634227.929503,71
1520634228.038600,62
1520634228.150376,56
1520634228.261290,49
1520634228.371808,47
1520634228.483239,46
1520634228.595014,46
1520634228.704427,46
1520634228.815175,47
1520634228.926520,47
1520634229.035866,47
1520634229.146078,48
1520634229.255468,49
1520634229.363456,48
1520634229.474419,48
1520634229.584449,48
1520634229.699095,47
1520634229.808812,47
1520634229.919059,47
1520634230.030291,47
1520634230.141138,46
1520634230.252487,47
1520634230.363643,48
1520634230.473194,49
1520634230.583381,48
1520634230.694247,48
1520634230.805866,48
1520634230.915865,47
1520634231.025384,48
1520634231.137188,48
1520634231.247117,47
1520634231.357691,47
1520634231.467932,47
1520634231.578607,47
1520634231.689550,47
1520634231.799508,48
1520634231.910038,48
1520634232.020498,48
1520634232.130663,48
1520634232.241205,48
1520634232.351574,48
1520634232.461300,49
1520634232.571597,48
1520634232.682092,48
1520634232.793882,49
1520634232.903523,48
1520634233.014041,48
1520634233.125015,47
1520634233.235595,55
1520634233.346083,57
1520634233.456187,56
1520634233.566190,56
1520634233.676857,56
1520634233.788700,56
1520634233.900026,50
1520634234.009253,50
1520634234.118503,51
1520634234.228256,50
1520634234.337011,50
1520634234.446576,50
1520634234.557032,50
1520634234.665874,49
1520634234.778091,49
1520634234.888332,49
1520634234.998610,50
1520634235.108811,49
1520634235.218792,49
1520634235.328963,49
1520634235.439406,49
1520634235.549109,49
1520634235.659051,48
1520634235.768870,48
1520634235.879942,49
1520634235.990175,49
1520634236.100376,49
1520634236.210502,50
1520634236.320217,50
1520634236.433058,50
1520634236.542550,50
1520634236.652907,48
1520634236.763574,50
1520634236.874901,50
1520634236.985389,51
1520634237.095786,51
1520634237.206801,51
1520634237.317931,52
1520634237.428789,51
1520634237.538993,51
1520634237.650312,51
1520634237.760192,57
1520634237.869429,56
1520634237.980271,57
1520634238.088808,57
1520634238.199416,57
1520634238.308938,57
1520634238.420155,56
1520634238.531121,52
1520634238.640525,52
1520634238.750886,52
1520634238.861412,51
1520634238.972188,51
1520634239.083069,51
1520634239.193315,52
1520634239.302790,51
1520634239.410151,52
1520634239.520455,52
1520634239.630737,51
1520634239.740956,51
1520634239.852155,51
1520634239.962158,51
1520634240.071380,51
1520634240.181725,51
1520634240.291210,51
1520634240.401666,51
1520634240.511181,51
1520634240.621749,51
1520634240.732693,52
1520634240.842612,51
1520634240.952419,51
1520634241.064621,51
1520634241.175203,51
1520634241.286201,51
1520634241.394529,51
1520634241.501924,51
1520634241.621829,52
1520634241.732031,52
1520634241.842444,52
1520634241.952507,53
1520634242.063045,53
1520634242.172841,52
1520634242.284936,51
1520634242.395076,59
1520634242.505392,59
1520634242.615978,59
1520634242.725632,59
1520634242.836226,59
1520634242.946427,58
1520634243.056482,58
1520634243.166396,54
1520634243.278243,54
1520634243.387792,54
1520634243.497014,54
1520634243.608155,54
1520634243.717974,54
1520634243.828472,54
1520634243.937425,52
1520634244.048237,52
1520634244.157871,53
1520634244.269351,52
1520634244.379508,53
1520634244.879484,49
1520634244.989686,50
1520634245.100726,50
1520634245.210903,50
1520634245.320124,51
1520634245.429056,53
1520634245.539209,53
1520634245.650250,54
1520634245.760424,53
1520634245.870209,53
1520634245.981601,53
1520634246.100244,53
1520634246.221925,55
1520634246.332436,55
1520634246.442895,55
1520634246.553199,55
1520634246.663410,55
1520634246.773809,53
1520634246.884619,54
1520634246.994345,60
1520634247.105855,60
1520634247.214994,60
1520634247.325434,60
1520634247.435000,61
1520634247.544944,61
1520634247.655424,61
1520634247.765206,55
1520634247.875077,55
1520634247.983078,54
1520634248.094617,55
1520634248.205316,56
1520634248.315618,55
1520634248.426523,55
1520634248.535654,53
1520634248.644670,55
1520634248.754811,55
1520634248.865904,55
1520634248.976779,55
1520634249.086523,55
1520634249.195913,55
1520634249.307019,54
1520634249.416450,54
1520634249.526197,54
1520634249.636111,55
1520634249.745870,54
1520634249.855848,54
1520634249.966131,55
1520634250.078566,55
1520634250.189508,54
1520634250.300390,55
1520634250.411209,55
1520634250.520893,55
1520634250.632547,54
1520634250.742713,55
1520634250.854582,55
1520634250.964111,55
1520634251.074901,55
1520634251.185583,55
1520634251.295862,56
1520634251.403425,56
1520634251.513609,56
1520634251.623522,62
1520634251.734414,62
1520634251.843736,63
1520634251.956224,63
1520634252.066967,62
1520634252.177043,62
1520634252.288081,62
1520634252.399229,60
1520634252.509337,57
1520634252.619138,57
1520634252.873850,56
1520634252.985499,56
1520634253.114499,57
1520634253.224867,57
1520634253.335276,55
1520634253.445632,55
1520634253.556510,56
1520634253.666549,56
1520634253.777588,56
1520634253.887590,55
1520634253.997978,56
1520634254.107992,55
1520634254.219186,55
1520634254.328540,55
1520634254.438815,55
1520634254.549436,56
1520634254.659619,56
1520634254.769543,56
1520634254.879850,56
1520634254.992116,56
1520634255.102379,56
1520634255.212931,57
1520634255.323088,57
1520634255.432885,57
1520634255.543507,57
1520634255.653298,57
1520634255.764473,58
1520634255.874711,57
1520634255.986276,57
1520634256.097121,57
1520634256.206550,57
1520634256.317521,58
1520634256.428983,64
1520634256.538619,64
1520634256.649537,64
1520634256.759250,64
1520634256.869946,64
1520634256.979820,64
1520634257.090251,64
1520634257.200189,60
1520634257.310186,58
1520634257.419484,58
1520634257.529122,58
1520634257.638967,58
1520634257.748570,59
1520634257.858659,59
1520634257.970162,59
1520634258.079907,57
1520634258.191983,57
1520634258.302658,57
1520634258.413558,57
1520634258.523805,57
1520634258.633732,58
1520634258.743511,58
1520634258.853766,57
1520634258.965188,58
1520634259.075318,58
1520634259.185896,58
1520634259.295910,58
1520634259.404743,58
1520634259.516374,58
1520634259.626279,58
1520634259.735773,58
1520634259.846088,58
1520634259.956313,58
1520634260.066043,58
1520634260.175631,59
1520634260.284964,60
1520634260.394333,59
1520634260.506087,59
1520634260.617243,59
1520634260.729103,60
1520634260.839536,59
1520634260.949639,59
1520634261.059759,59
1520634261.170144,65
1520634261.280353,66
1520634261.388990,66
1520634261.496593,65
1520634261.607329,65
1520634261.718290,65
1520634261.829948,65
1520634261.939911,63
1520634262.050622,60
1520634262.161021,60
1520634262.270008,60
1520634262.380176,60
1520634262.488505,60
1520634262.598530,60
1520634262.706968,61
1520634262.815042,60
1520634262.931086,58
1520634263.042155,60
1520634263.196762,59
1520634263.315344,60
1520634263.433189,60
1520634263.545844,60
1520634263.672512,59
1520634263.782884,59
1520634263.894430,59
1520634264.004514,59
1520634264.116090,59
1520634264.226676,61
1520634264.335997,60
1520634264.445497,60
1520634264.555594,59
1520634264.665667,59
1520634264.777229,59
1520634264.888078,59
1520634264.998492,59
1520634265.112341,60
1520634265.222859,60
1520634265.333120,60
1520634265.443595,61
1520634265.553877,61
1520634265.664428,62
1520634265.773619,62
1520634265.883792,61
1520634265.994039,67
1520634266.104423,67
1520634266.214561,67
1520634266.325285,68
1520634266.435858,67
1520634266.546241,67
1520634266.656750,68
1520634266.767784,68
1520634266.878314,62
1520634266.988874,62
1520634267.095710,62
1520634267.206373,62
1520634267.378034,62
1520634267.488114,62
1520634267.599620,62
1520634267.708926,62
1520634267.818943,61
1520634267.929648,60
1520634268.041102,60
1520634268.152185,61
1520634268.262183,60
1520634268.372208,60
1520634268.482540,61
1520634268.593932,61
1520634268.704438,61
1520634268.814007,61
1520634268.924446,61
1520634269.034235,60
1520634269.144636,60
1520634269.254740,61
1520634269.364322,61
1520634269.472764,61
1520634269.583634,61
1520634269.692942,62
1520634269.804659,62
1520634269.913671,63
1520634270.024718,63
1520634270.134930,63
1520634270.244429,63
1520634270.355556,63
1520634270.465048,62
1520634270.577017,62
1520634270.686555,63
1520634270.795846,61
1520634270.906311,68
1520634271.017177,69
1520634271.127124,69
1520634271.237439,70
1520634271.347520,69
1520634271.458061,69
1520634271.567147,69
1520634271.677035,70
1520634271.788594,63
1520634271.899248,63
1520634272.009559,62
1520634272.119651,63
1520634272.230642,63
1520634272.340725,63
1520634272.451433,63
1520634272.561992,64
1520634272.671980,62
1520634272.782520,62
1520634272.892748,63
1520634273.002861,63
1520634273.113328,64
1520634273.223828,62
1520634273.333900,62
1520634273.445262,62
1520634273.555040,62
1520634273.665204,62
1520634273.775980,63
1520634273.886798,63
1520634273.995972,63
1520634274.106317,63
1520634274.216429,63
1520634274.327013,63
1520634274.438205,63
1520634274.549073,63
1520634274.658605,61
1520634274.769723,62
1520634274.880403,64
1520634274.991071,63
1520634275.100589,63
1520634275.211446,63
1520634275.320544,63
1520634275.431681,63
1520634275.542324,64
1520634275.652238,64
1520634275.763088,70
1520634275.873568,71
1520634275.984499,70
1520634276.093841,70
1520634276.204266,70
1520634276.314430,70
1520634276.425915,70
1520634276.535817,69
1520634276.644938,68
1520634276.755121,65
1520634276.870585,65
1520634276.981047,66
1520634277.090875,65
1520634277.200746,65
1520634277.312184,65
1520634277.422608,65
1520634277.533923,65
1520634277.644175,64
1520634277.755264,64
1520634277.865275,64
1520634277.974727,64
1520634278.085286,63
1520634278.194757,63
1520634278.306127,64
1520634278.416202,63
1520634278.526682,64
1520634278.636669,64
1520634278.747322,64
1520634278.856095,64
1520634278.975902,64
1520634279.087914,64
1520634279.197602,63
1520634279.307635,63
1520634279.415936,64
1520634279.526888,64
1520634279.638413,64
1520634279.748653,65
1520634279.858295,66
1520634279.968314,65
1520634280.078706,65
1520634280.190612,65
1520634280.301506,65
1520634280.411920,67
1520634280.522386,66
1520634280.631277,65
1520634280.742226,72
1520634280.852453,73
1520634280.962133,72
1520634281.071771,72
1520634281.182867,72
1520634281.293197,72
1520634281.402283,73
1520634281.513315,72
1520634281.625313,68
1520634281.735679,67
1520634281.850043,68
1520634281.960130,67
1520634282.070250,67
1520634282.180602,67
1520634282.291810,67
1520634282.401902,67
1520634282.512615,66
1520634282.622571,65
1520634282.829512,64
1520634282.964171,64
1520634283.099110,65
1520634283.208367,64
1520634283.318967,64
1520634283.428937,64
1520634283.540609,65
1520634283.649961,65
1520634283.760211,65
1520634283.869953,65
1520634283.979486,65
1520634284.089566,65
1520634284.201595,65
1520634284.312205,66
1520634284.422567,66
1520634284.532945,66
1520634284.642920,66
1520634284.760685,67
1520634284.870100,68
1520634284.980083,67
1520634285.090444,67
1520634285.201854,67
1520634285.311723,67
1520634285.422286,67
1520634285.583384,67
1520634285.693973,74
1520634285.804353,73
1520634285.913704,73
1520634286.024196,73
1520634286.133548,73
1520634286.244050,73
1520634286.354055,73
1520634286.465298,73
1520634286.574292,73
1520634286.682038,67
1520634286.791835,68
1520634286.901809,68
1520634287.012681,68
1520634287.123215,68
1520634287.233444,67
1520634287.345492,68
1520634287.455294,68
1520634287.564524,68
1520634287.675742,66
1520634287.785302,66
1520634287.895193,66
1520634288.006243,66
1520634288.116102,67
1520634288.226067,67
1520634288.336203,68
1520634288.446901,67
1520634288.558013,67
1520634288.668272,67
1520634288.779447,67
1520634288.890298,68
1520634289.000765,67
1520634289.111257,67
1520634289.220482,67
1520634289.331268,68
1520634289.438905,68
1520634289.549107,68
1520634289.659253,68
1520634289.769778,68
1520634289.879917,68
1520634289.990403,68
1520634290.101711,68
1520634290.212996,68
1520634290.324007,68
1520634290.433356,68
1520634290.543174,69
1520634290.654402,69
1520634290.764099,75
1520634290.874175,75
1520634290.984891,75
1520634291.094575,74
1520634291.205823,74
1520634291.316708,74
1520634291.424093,74
1520634291.533430,74
1520634291.642956,73
1520634291.752228,68
1520634291.863350,69
1520634291.972051,69
1520634292.082956,70
1520634292.193399,70
1520634292.302707,70
1520634292.414120,70
1520634292.525409,70
1520634292.635967,70
1520634292.745841,68
1520634292.857299,68
1520634292.967871,68
1520634293.078617,69
1520634293.189143,69
1520634293.299163,69
1520634293.406763,69
1520634293.519708,69
1520634293.630533,69
1520634293.740840,68
1520634293.849650,68
1520634293.962069,68
1520634294.072330,68
1520634294.182629,68
1520634294.293579,69
1520634294.403164,69
1520634294.513906,69
1520634294.624713,69
1520634294.732612,69
1520634294.842891,69
1520634294.952860,70
1520634295.062926,69
1520634295.173167,69
1520634295.284616,69
1520634295.394309,70
1520634295.508854,68
1520634295.618755,70
1520634295.728485,69
1520634295.838839,76
1520634295.949603,76
1520634296.059295,76
1520634296.169494,76
1520634296.279362,76
1520634296.389683,76
1520634296.499731,76
1520634296.609812,76
1520634296.720630,76
1520634296.830570,71
1520634296.940983,71
1520634297.049332,72
1520634297.159450,71
1520634297.269872,73
1520634297.380577,71
1520634297.490986,71
1520634297.602809,71
1520634297.712554,71
1520634297.823550,69
1520634297.933451,70
1520634298.044293,69
1520634298.155676,70
1520634298.265254,70
1520634298.375905,70
1520634298.485858,70
1520634298.595715,70
1520634298.706350,70
1520634298.816311,70
1520634298.927189,71
1520634299.037887,70
1520634299.148523,69
1520634299.259097,69
1520634299.370138,69
1520634299.480140,69
1520634299.590663,69
1520634299.699113,69
1520634299.809690,70
1520634300.121026,69
1520634300.288861,69
1520634300.398261,70
1520634300.508975,70
1520634300.617394,70
1520634300.725525,70
1520634300.835670,70
1520634300.946089,79
1520634301.068211,80
1520634301.182832,79
1520634301.293373,79
1520634301.439787,78
1520634301.549747,78
1520634301.662732,78
1520634301.777317,79
1520634301.905941,74
1520634302.012890,72
1520634302.127875,72
1520634302.237521,72
1520634302.348715,72
1520634302.458093,73
1520634302.569207,72
1520634302.679623,72
1520634302.789037,73
1520634302.900629,73
1520634303.011229,72
1520634303.121154,71
1520634303.230531,71
1520634303.340486,71
1520634303.452141,71
1520634303.562900,71
1520634303.673258,71
1520634303.782951,70
1520634303.893795,70
1520634304.004883,71
1520634304.116533,71
1520634304.226719,71
1520634304.337429,71
1520634304.447769,71
1520634304.558999,72
1520634304.668817,71
1520634304.779295,72
1520634304.890495,72
1520634305.000469,72
1520634305.111346,72
1520634305.222432,73
1520634305.331850,73
1520634305.439786,73
1520634305.920818,71
1520634306.031868,73
1520634306.142925,78
1520634306.254218,78
1520634306.363775,78
1520634306.473949,78
1520634306.582975,78
1520634306.693161,79
1520634306.802722,80
1520634306.912912,80
1520634307.023672,79
1520634307.134044,72
1520634307.245220,72
1520634307.354084,74
1520634307.463806,73
1520634307.573165,74
1520634307.683819,74
1520634307.792873,74
1520634307.905552,74
1520634308.015402,74
1520634308.125058,74
1520634308.235361,72
1520634308.346054,72
1520634308.456170,72
1520634308.566329,72
1520634308.675955,72
1520634308.785458,72
1520634308.894089,73
1520634309.004931,73
1520634309.117023,73
1520634309.228043,73
1520634309.339152,73
1520634309.449495,74
1520634309.559549,73
1520634309.668968,73
1520634309.779284,73
1520634309.889707,73
1520634310.000607,75
1520634310.111557,74
1520634310.222271,75
1520634310.334110,74
1520634310.445026,74
1520634310.555460,73
1520634310.665272,74
1520634310.775520,74
1520634310.885501,74
1520634310.995360,74
1520634311.106033,74
1520634311.216923,76
1520634311.326428,82
1520634311.434126,82
1520634311.544659,81
1520634311.654690,81
1520634311.766088,81
1520634311.877496,81
1520634311.987797,81
1520634312.098923,81
1520634312.209189,79
1520634312.322182,75
1520634312.432474,75
1520634312.542879,75
1520634312.654624,75
1520634312.764195,75
1520634313.016259,74
1520634313.124254,74
1520634313.782003,67
1520634313.905317,70
1520634314.016424,70
1520634314.126886,70
1520634314.236444,70
1520634314.347247,71
1520634314.457893,72
1520634314.568901,73
1520634314.678653,74
1520634314.791114,74
1520634314.901906,74
1520634315.012719,74
1520634315.124129,74
1520634315.234511,74
1520634315.344375,74
1520634315.453665,75
1520634315.563330,76
1520634315.674407,76
1520634315.784174,76
1520634315.894461,76
1520634316.005267,75
1520634316.115989,75
1520634316.226054,75
1520634316.336115,75
1520634316.448494,76
1520634316.558741,78
1520634316.669910,78
1520634316.779992,79
1520634316.890252,79
1520634317.000617,79
1520634317.110578,79
1520634317.221301,77
1520634317.332385,78
1520634317.443094,77
1520634317.560083,76
1520634317.670311,76
1520634317.780407,76
1520634317.890034,77
1520634318.000522,77
1520634318.110231,77
1520634318.220268,77
1520634318.328915,76
1520634318.438714,76
1520634318.549165,77
1520634318.658886,78
1520634318.769042,77
1520634318.880149,77
1520634318.989250,77
1520634319.099523,77
1520634319.210122,77
1520634319.320358,78
1520634319.429017,78
1520634319.538532,78
1520634319.650291,78
1520634319.760006,78
1520634319.870738,78
1520634319.981650,78
1520634320.091947,78
1520634320.203359,78
1520634320.313168,77
1520634320.423086,77
1520634320.532434,78
1520634320.641935,77
1520634320.753749,77
1520634320.863765,75
1520634320.974016,77
1520634321.084317,77
1520634321.194501,77
1520634321.305082,78
1520634321.413877,77
1520634321.524846,77
1520634321.634767,76
1520634321.746180,76
1520634321.855229,75
1520634321.977438,76
1520634322.086193,76
1520634322.197399,77
1520634322.307214,77
1520634322.417613,77
1520634322.527914,77
1520634322.637737,77
1520634322.750163,76
1520634322.860193,76
1520634322.970069,77
1520634323.079915,76
1520634323.190296,76
1520634323.301053,76
1520634323.411032,76
1520634323.522468,76
1520634323.631869,77
1520634323.741631,77
1520634323.855817,77
1520634323.965812,78
1520634324.075726,78
1520634324.187517,78
1520634324.297288,77
1520634324.406616,77
1520634324.518036,77
1520634324.627753,77
1520634324.738142,77
1520634324.850007,77
1520634324.959628,79
1520634325.070772,85
1520634325.181029,85
1520634325.293422,85
1520634325.403706,85
1520634325.513996,85
1520634325.624164,84
1520634325.733862,85
1520634325.844834,84
1520634325.956812,84
1520634326.067680,83
1520634326.178985,77
1520634326.288866,78
1520634326.399836,79
1520634326.509014,79
1520634326.618322,79
1520634326.728787,79
1520634326.839888,79
1520634326.949631,79
1520634327.059022,80
1520634327.170438,79
1520634327.280443,77
1520634327.391091,77
1520634327.501161,77
1520634327.611324,77
1520634327.721165,78
1520634327.831759,78
1520634327.942367,78
1520634328.052586,78
1520634328.163650,78
1520634328.275337,78
1520634328.385571,78
1520634328.496484,78
1520634328.607767,77
1520634328.717964,77
1520634328.827357,77
1520634328.939109,77
1520634329.049438,77
1520634329.172766,78
1520634329.283237,79
1520634329.393145,79
1520634329.503674,79
1520634329.611660,79
1520634329.721770,79
1520634329.831835,79
1520634329.941586,79
1520634330.051160,78
1520634330.162319,78
1520634330.272869,80
1520634330.383234,85
1520634330.493114,85
1520634330.604656,85
1520634330.714079,85
1520634330.823608,85
1520634330.934106,86
1520634331.045161,87
1520634331.155195,87
1520634331.266840,87
1520634331.379267,87
1520634331.489216,82
1520634331.598935,80
1520634331.713678,80
1520634331.823286,80
1520634331.933587,80
1520634332.044281,80
1520634332.154414,80
1520634332.263959,81
1520634332.374631,81
1520634332.485149,81
1520634332.595938,81
1520634332.706020,78
1520634332.817871,79
1520634332.927178,79
1520634333.038130,79
1520634333.148066,79
1520634333.258104,79
1520634333.368487,78
1520634333.478258,79
1520634333.589639,79
1520634333.702160,79
1520634333.812484,79
1520634333.924339,79
1520634334.033894,80
1520634334.144747,79
1520634334.254648,79
1520634334.365603,79
1520634334.475836,79
1520634334.587078,81
1520634334.697098,80
1520634334.806820,80
1520634334.917577,80
1520634335.029896,80
1520634335.139813,80
1520634335.250896,80
1520634335.361212,80
1520634335.472909,80
1520634335.583675,81
1520634335.694255,81
1520634335.806690,88
1520634335.914588,88
1520634336.374121,84
1520634336.484713,86
1520634336.594577,86
1520634336.705535,84
1520634336.816183,84
1520634336.926293,78
1520634337.036829,79
1520634337.145715,80
1520634337.256129,80
1520634337.366033,81
1520634337.476381,81
1520634337.587044,80
1520634337.697818,81
1520634337.807614,81
1520634337.916511,81
1520634338.027399,82
1520634338.136872,80
1520634338.247232,80
1520634338.357617,80
1520634338.467940,80
1520634338.578036,80
1520634338.689546,81
1520634338.800627,81
1520634338.911136,80
1520634339.020970,80
1520634339.131904,80
1520634339.241658,80
1520634339.353723,80
1520634339.464336,81
1520634339.574237,80
1520634339.685668,80
1520634339.795782,80
1520634339.905348,80
1520634340.021836,81
1520634340.131537,81
1520634340.242536,81
1520634340.353676,83
1520634340.464068,83
1520634340.574405,82
1520634340.683472,82
1520634340.794595,83
1520634340.905280,82
1520634341.015794,83
1520634341.125824,83
1520634341.236492,89
1520634341.346738,89
1520634341.456395,89
1520634341.566064,89
1520634341.676550,90
1520634341.787375,90
1520634341.897196,90
1520634342.007151,89
1520634342.118227,88
1520634342.229040,87
1520634342.341274,83
1520634342.451878,83
1520634342.561750,82
1520634342.671446,83
1520634343.588690,73
1520634344.147772,71
1520634344.258239,72
1520634344.368981,73
1520634344.479305,74
1520634344.590438,75
1520634344.701725,76
1520634344.812259,77
1520634344.922140,78
1520634345.031954,79
1520634345.142903,82
1520634345.253140,81
1520634345.364535,82
1520634345.474422,83
1520634345.585240,83
1520634345.695310,83
1520634345.805939,83
1520634345.915744,83
1520634346.025254,83
1520634346.135856,83
1520634346.245689,83
1520634346.356335,82
1520634346.463507,85
1520634346.577522,85
1520634346.687741,87
1520634346.799125,87
1520634346.910431,87
1520634347.020489,86
1520634347.130228,87
1520634347.239429,86
1520634347.351287,86
1520634347.459963,86
1520634347.568537,84
1520634347.679850,84
1520634347.790390,84
1520634347.900993,84
1520634348.012721,85
1520634348.123837,84
1520634348.233441,84
1520634348.344086,83
1520634348.455024,83
1520634348.564383,84
1520634348.673916,83
1520634348.784691,83
1520634348.894635,83
1520634349.004529,84
1520634349.115180,85
1520634349.225090,85
1520634349.335757,85
1520634349.442975,85
1520634349.553227,85
1520634349.664489,85
1520634349.774142,84
1520634349.884051,84
1520634349.994219,85
1520634350.104375,85
1520634350.214106,85
1520634350.324963,85
1520634350.434823,85
1520634350.544766,86
1520634350.655418,86
1520634350.766809,86
1520634350.877060,86
1520634350.986634,86
1520634351.098443,86
1520634351.208108,86
1520634351.318360,86
1520634351.426845,84
1520634351.538433,84
1520634351.646630,84
1520634351.757349,84
1520634351.867706,84
1520634351.977716,84
1520634352.088544,84
1520634352.198866,85
1520634352.308992,85
1520634352.419762,85
1520634352.529663,85
1520634352.639830,84
1520634352.750442,84
1520634352.860396,83
1520634352.970740,84
1520634353.081256,83
1520634353.193110,83
1520634353.302739,83
1520634353.413375,84
1520634353.523789,85
1520634353.633813,84
1520634353.744241,84
1520634353.854219,84
1520634353.964641,84
1520634354.076176,83
1520634354.186220,84
1520634354.296796,83
1520634354.404482,82
1520634354.514849,85
1520634354.625656,84
1520634354.735736,84
1520634354.846792,86
1520634354.957328,86
1520634355.067792,86
1520634355.177703,86
1520634355.288892,86
1520634355.401845,86
1520634355.522872,87
1520634355.633544,86
1520634355.743438,88
1520634355.853628,88
1520634355.964626,88
1520634356.074712,89
1520634356.184764,89
1520634356.294336,89
1520634356.404831,89
1520634356.515776,89
1520634356.625572,87
1520634356.735600,87
1520634356.845890,85
1520634356.957100,86
1520634357.067635,85
1520634357.178895,86
1520634357.289506,85
1520634357.399413,85
1520634357.509081,85
1520634357.620224,85
1520634357.730829,86
1520634357.841294,86
1520634357.951194,86
1520634358.061573,86
1520634358.173007,87
1520634358.283182,87
1520634358.393842,87
1520634358.504753,87
1520634358.614036,87
1520634358.724139,86
1520634358.834199,86
1520634358.944129,87
1520634359.054298,87
1520634359.165313,87
1520634359.275797,85
1520634359.385576,80
1520634359.496641,74
1520634359.606643,67
1520634359.716549,60
1520634359.826347,53
1520634359.937760,46
1520634360.047294,40
1520634360.158211,33
1520634360.267271,27
1520634360.378310,19
1520634360.486417,0
1520634360.597240,0
1520634360.707282,0
1520634360.819128,0
1520634360.946528,0
1520634361.057927,0
1520634361.168986,1
1520634361.279815,1
1520634361.389997,0
1520634361.501243,0
1520634361.611844,0
1520634361.721391,0
1520634361.848764,0
1520634361.958530,0
1520634362.068792,0
1520634362.179969,1
1520634362.289722,1
1520634362.399595,0
1520634362.509311,0
1520634362.620942,0
1520634362.731268,0
1520634362.841205,0
1520634362.951461,0
1520634363.061839,0
1520634363.171704,0
1520634363.281907,0
1520634363.392512,0
